0.2113248654051871	0.7886751345948129
0.1127016653792583	0.5	0.8872983346207417
0.06943184420297371	0.3300094782075719	0.6699905217924281	0.9305681557970263
0.046910077030668	0.2307653449471585	0.5	0.7692346550528415	0.953089922969332
0.03376524289842399	0.1693953067668677	0.3806904069584015	0.6193095930415985	0.8306046932331323	0.966234757101576
0.02544604382862074	0.12923440720030278	0.2970774243113014	0.5	0.7029225756886986	0.8707655927996972	0.9745539561713793
0.01985507175123188	0.10166676129318663	0.2372337950418355	0.4082826787521751	0.5917173212478249	0.7627662049581645	0.8983332387068134	0.9801449282487681
0.01591988024618696	0.0819844463366821	0.1933142836497048	0.3378732882980955	0.5	0.6621267117019045	0.8066857163502952	0.9180155536633179	0.984080119753813
0.01304673574141414	0.06746831665550774	0.1602952158504878	0.2833023029353764	0.4255628305091844	0.5744371694908156	0.7166976970646236	0.8397047841495122	0.9325316833444923	0.9869532642585859
0.0108856709269715	0.05646870011595235	0.1349239972129753	0.2404519353965941	0.3652284220238275	0.5	0.6347715779761725	0.7595480646034059	0.8650760027870247	0.9435312998840476	0.9891143290730285
0.009219682876640375	0.04794137181476257	0.1150486629028477	0.2063410228566913	0.3160842505009099	0.4373832957442655	0.5626167042557345	0.6839157494990901	0.7936589771433087	0.8849513370971523	0.9520586281852374	0.9907803171233596
0.007908472640705925	0.04120080038851102	0.09921095463334504	0.1788253302798299	0.2757536244817766	0.3847708420224326	0.5	0.6152291579775674	0.7242463755182234	0.8211746697201701	0.900789045366655	0.958799199611489	0.9920915273592941
0.006858095651593831	0.03578255816821324	0.0863993424651175	0.1563535475941573	0.242375681820923	0.3404438155360551	0.4459725256463282	0.5540274743536718	0.6595561844639449	0.757624318179077	0.8436464524058427	0.9136006575348825	0.9642174418317868	0.9931419043484062
0.006003740989757286	0.03136330379964705	0.07589670829478639	0.137791134319915	0.2145139136957306	0.3029243264612183	0.3994029530012827	0.5	0.6005970469987173	0.6970756735387817	0.7854860863042694	0.862208865680085	0.9241032917052136	0.968636696200353	0.9939962590102427
0.005299532504175034	0.02771248846338371	0.06718439880608413	0.1222977958224985	0.1910618777986781	0.2709916111713863	0.3591982246103705	0.4524937450811813	0.5475062549188187	0.6408017753896295	0.7290083888286137	0.8089381222013219	0.8777022041775015	0.9328156011939159	0.9722875115366163	0.994700467495825
0.004712262342791332	0.02466223911561612	0.05988042313650705	0.1092429980515993	0.1711644203916546	0.2436547314567615	0.3243841182730618	0.4107579092520761	0.5	0.5892420907479239	0.6756158817269382	0.7563452685432385	0.8288355796083454	0.8907570019484007	0.940119576863493	0.9753377608843839	0.9952877376572087
0.004217415789534527	0.02208802521430112	0.05369876675122213	0.09814752051373844	0.1541564784698234	0.2201145844630262	0.2941244192685787	0.3740568871542472	0.4576124934791323	0.5423875065208677	0.6259431128457528	0.7058755807314213	0.7798854155369738	0.8458435215301766	0.9018524794862616	0.9463012332487779	0.9779119747856989	0.9957825842104655
0.003796578078207798	0.01989592393258498	0.04842204819259105	0.08864267173142859	0.1395169113323853	0.1997273476691595	0.2677146293120195	0.3417179500181851	0.4198206771798873	0.5	0.5801793228201127	0.6582820499818149	0.7322853706879805	0.8002726523308405	0.8604830886676147	0.9113573282685714	0.951577951807409	0.980104076067415	0.9962034219217922
0.003435700407452538	0.0180140363610431	0.04388278587433705	0.08044151408889059	0.1268340467699246	0.1819731596367425	0.2445664990245865	0.3131469556422902	0.3861070744291775	0.4617367394332513	0.5382632605667487	0.6138929255708225	0.6868530443577098	0.7554335009754135	0.8180268403632575	0.8731659532300754	0.9195584859111094	0.956117214125663	0.9819859636389569	0.9965642995925475
0.00312391468980525	0.01638658071684685	0.03995033292479959	0.07331831770834136	0.115780018262161	0.1664305979012938	0.2241905820563901	0.2878289398962806	0.3559893415987995	0.4272190729195525	0.5	0.5727809270804475	0.6440106584012005	0.7121710601037194	0.7758094179436099	0.8335694020987062	0.884219981737839	0.9266816822916586	0.9600496670752004	0.9836134192831531	0.9968760853101948
0.002852707258800354	0.01496975108228564	0.036521613906413	0.06709371113984993	0.1060915970103959	0.1527563684066586	0.2061797982465442	0.2653220810066215	0.3290320895539579	0.3960697866558894	0.4651303633401389	0.5348696366598611	0.6039302133441106	0.6709679104460421	0.7346779189933785	0.7938202017534558	0.8472436315933414	0.8939084029896041	0.9329062888601501	0.963478386093587	0.9850302489177144	0.9971472927411996
0.002615332501223938	0.01372876439094238	0.03351445658699195	0.06162382086477917	0.09755579919058005	0.1406693184340249	0.1901950621181769	0.2452492610769962	0.3048494809848546	0.3679321595148275	0.4333715878507669	0.5	0.5666284121492331	0.6320678404851725	0.6951505190151454	0.7547507389230038	0.8098049378818231	0.8593306815659751	0.9024442008094199	0.9383761791352208	0.9664855434130081	0.9862712356090576	0.9973846674987761
0.00240639000148932	0.01263572201434525	0.03086272399863362	0.05679223649779948	0.08999900701304854	0.1299379042107228	0.1759531740315122	0.2272892643055802	0.2831032461869774	0.3424786601519183	0.4044405662631918	0.4679715535686972	0.5320284464313028	0.5955594337368082	0.6575213398480817	0.7168967538130226	0.7727107356944198	0.8240468259684878	0.8700620957892772	0.9100009929869515	0.9432077635022005	0.9691372760013664	0.9873642779856547	0.9975936099985107
0.002221515104750951	0.01166803927024124	0.02851271438551283	0.05250400106086232	0.083278685619583	0.1203703684813212	0.1632168157632658	0.2111685348793885	0.2634986342771425	0.3194138470953061	0.3780665581395058	0.4385676536946448	0.5	0.5614323463053552	0.6219334418604942	0.6805861529046939	0.7365013657228575	0.7888314651206115	0.8367831842367342	0.8796296315186788	0.916721314380417	0.9474959989391377	0.9714872856144872	0.9883319607297588	0.997778484895249
0.002057149427191535	0.0108072770217645	0.02642046666914287	0.04868106900784646	0.07727702860575099	0.1118070255896606	0.1517863697900214	0.196653853491191	0.2457796425877471	0.2984741224382568	0.3539975802570216	0.4115705898215549	0.4703849532853434	0.5296150467146566	0.5884294101784451	0.6460024197429784	0.7015258775617432	0.7542203574122529	0.803346146508809	0.8482136302099786	0.8881929744103394	0.922722971394249	0.9513189309921535	0.9735795333308571	0.9891927229782355	0.9979428505728085
0.001910368555505717	0.01003826201924939	0.0245497210926475	0.04525883966125445	0.07189604599085275	0.1041141804647459	0.1414932631302882	0.1835460140267524	0.2297242177102716	0.2794258741249866	0.3320030481807456	0.3867703172802316	0.443013707195235	0.5	0.556986292804765	0.6132296827197684	0.6679969518192544	0.7205741258750134	0.7702757822897284	0.8164539859732476	0.8585067368697118	0.8958858195352541	0.9281039540091472	0.9547411603387456	0.9754502789073525	0.9899617379807506	0.9980896314444943
0.001778751213022775	0.009348417314563623	0.0228703596855309	0.04218348680393396	0.06705373871280248	0.09717931454141041	0.1321945609931841	0.1716744529805675	0.2151397640942991	0.2620628875224409	0.3118742419554606	0.363969186182411	0.4177153589333096	0.4724603550579829	0.5275396449420171	0.5822846410666904	0.636030813817589	0.6881257580445394	0.7379371124775591	0.7848602359057009	0.8283255470194325	0.8678054390068159	0.9028206854585896	0.9329462612871975	0.957816513196066	0.9771296403144691	0.9906515826854364	0.9982212487869772
0.001660278869701707	0.008727247369293413	0.02135720211095614	0.03940988352347061	0.0626810975399486	0.09090725619237378	0.1237685741327614	0.1608927311986567	0.2018591014308861	0.2462035224378862	0.2934235559129957	0.34298418106618	0.3943238569169995	0.4468608849336604	0.5	0.5531391150663396	0.6056761430830005	0.65701581893382	0.7065764440870043	0.7537964775621138	0.7981408985691139	0.8391072688013433	0.8762314258672386	0.9090927438076262	0.9373189024600514	0.9605901164765294	0.9786427978890439	0.9912727526307066	0.9983397211302983
0.00155325796267523	0.008165938360126395	0.01998906751584624	0.03689997628536284	0.05871973210397366	0.0852171188086158	0.1161112839475869	0.1510747526033421	0.1897369085053786	0.2316879259289901	0.2764831152309554	0.3236476372345609	0.3726815369160551	0.4230650431957082	0.4742640787223412	0.5257359212776588	0.5769349568042918	0.6273184630839449	0.6763523627654391	0.7235168847690446	0.7683120740710099	0.8102630914946214	0.8489252473966579	0.8838887160524131	0.9147828811913842	0.9412802678960263	0.9631000237146372	0.9800109324841538	0.9918340616398736	0.9984467420373248
0.001456259090261463	0.007657045167423758	0.01874803745352517	0.03462150105167592	0.05511998502586448	0.08003983992686633	0.1091334257916875	0.1421116077065734	0.1786466385378698	0.2183754192964254	0.2609031089775488	0.3058070491958835	0.3526409650091492	0.4009394003322147	0.4502223439238292	0.5	0.5497776560761708	0.5990605996677853	0.6473590349908508	0.6941929508041165	0.7390968910224512	0.7816245807035746	0.8213533614621302	0.8578883922934266	0.8908665742083125	0.9199601600731337	0.9448800149741355	0.9653784989483241	0.9812519625464748	0.9923429548325762	0.9985437409097385
0.001368069075259218	0.007194244227365832	0.01761887220624678	0.03254696203113016	0.05183942211697394	0.07531619313371501	0.1027581020160288	0.1339089406298552	0.1684778665348924	0.2061421213796188	0.2465500455338853	0.2893243619346823	0.3340656988589362	0.3803563188739315	0.4277640192086018	0.4758461671561308	0.5241538328438692	0.5722359807913982	0.6196436811260685	0.6659343011410638	0.7106756380653177	0.7534499544661147	0.7938578786203812	0.8315221334651076	0.8660910593701448	0.8972418979839712	0.924683806866285	0.9481605778830261	0.9674530379688698	0.9823811277937532	0.9928057557726342	0.9986319309247408
0.001287652876772391	0.006772136884678756	0.01658854515500362	0.03065281369441582	0.04884161612828321	0.07099517366174797	0.09691882186291671	0.1263847517752189	0.1591340200151286	0.1948788270818105	0.2333050476068262	0.2740749913637747	0.3168303711259633	0.3611954514237515	0.4067803505860042	0.4531844670726333	0.5	0.5468155329273667	0.5932196494139958	0.6388045485762485	0.6831696288740367	0.7259250086362253	0.7666949523931738	0.8051211729181895	0.8408659799848714	0.8736152482247811	0.9030811781370833	0.929004826338252	0.9511583838717168	0.9693471863055842	0.9834114548449964	0.9932278631153212	0.9987123471232276