2.604338958503924	0.472584118419152
0.5132881488900229	9.4814814814815	0.242319879445278
3.790394842558754	0.329273693298902	31.97976618088	0.147046469314063
0.303419315118776	3.04691695175814	0.268948394377757	147.5070307808	0.09861423643414
5.167869946543761	0.2999686271796534	0.64702414890812	0.22495545984762	7047.5719473	0.070683800443304
0.2166047319481331	0.639971044237355	0.50944449000318	0.34162282865517	0.18888223201483	478.929262672	0.053129692461069
6.604167760681612	0.318890735433186	0.221909397802031	1.0412985599433	0.22969771419322	0.15932341290326	109.295862384	0.04138434042552
0.1689013983068201	0.323358647490934	2.28373877859119	0.157530118801276	2.545612814647	0.1711638612876	0.1352756555199	50.536728864	0.03314202381973
8.06581383478303	0.3537291473957549	0.149412772636876	7.778468091054	0.13687971436037	8.96293690444	0.1347849637756	0.1157381788183	30.091542442	0.02713686866339
0.1386031254713627	0.214294980189514	380.4338491711	0.150869919275769	0.7451045778798	0.1278739555212	133.81211235	0.1098613110279	0.099812301948	20.382925603	0.0226270241246
9.54065980253707	0.3956243171986754	0.1269572025304911	0.44969061018928	0.20440275219958	0.3171525403026	0.1227470520947	60.68484465	0.091712255565	0.086752065732	14.919496192	0.0191544081291
0.1176021109486278	0.1608806458546321	2.18846410063459	0.202190594358003	0.16918626765513	0.3287858155177	0.1950199929852	0.11890859625	9.81045648	0.077937940814	0.075962906934	11.49744531	0.0164237776948
11.02324767948356	0.441267960622878	0.1196010606510841	0.183280726289382	0.686857401952	0.11261145541124	0.618892326057	0.140649790004	0.115381933104	4.124430234	0.06716557333	0.06697966857	9.19034738	0.014237909186
0.1021667514633493	0.1294161070725302	0.681708831176755	0.34620569564329	0.103162282047011	38.3204255617	0.0933520845309	1.45672004966	0.110377402705	0.11180462696	2.351862113	0.05854581789	0.05944082383	7.54935249	0.012460995976
12.5107633828816	0.489148582708329	0.1185926595264575	0.116407541595699	138.0647678837	0.09500237243314	1.71302232203	0.0860145628376	5.537445961	0.091073097766	0.10807100467	1.557281581	0.05152183313	0.05306537689	6.3337101	0.010997051956
0.09033366046047018	0.108672137774946	0.35831308932096	0.7910389708701	0.090029417384992	0.5464974377893	0.1113126093098	0.421521571633	0.083814269463	285.380587	0.07760162596	0.1041840712	1.125910877	0.045712061	0.0476341106	5.4040039	0.00977668138
14.00160910275373	0.538475738886578	0.1208151429810134	0.089785191067424	1.0871334528747	0.12344309451486	0.1686203898745	0.1525900052185	0.210418392132	0.084232297212	13.39987486	0.06758847639	0.1001890222	0.86216335	0.0408458491	0.0429750215	4.674519	0.0087487063
0.08096874804090703	0.09393110404152911	0.2335710736967203	3.2278168560627	0.095201278439577	0.15475330297862	0.268790935575	0.0993837036159	0.239304164615	0.13640645982	0.08611990464	3.00172944	0.0597983829	0.0961425522	0.68731054	0.0367258012	0.0389522334	4.0899631	0.00787471547
15.49481036341186	0.588794589756307	0.1249004961146442	0.0768259831725607	0.29053108628552	0.23191261390511	0.08404426982915	1.28596086559	0.075842317231	0.43810717512	0.1009780481	0.08887176711	1.36013711	0.053529204	0.092099032	0.56440297	0.033204617	0.035457628	3.613235	0.00712542527
0.07337015333494402	0.08288562250445175	0.1708407835375114	2256.416126215	0.114259587827103	0.08886438377551	3.408397089	0.0699534509094	55.07006085	0.066245639486	1.0192235004	0.08079142245	0.0921328034	0.80011409	0.048353	0.088104914	0.4741039	0.030170248	0.032404536	3.218606	0.0064781956
16.98973909447637	0.63982417830739	0.1301581486130583	0.0698996980745779	0.148791232101789	0.7583338746331	0.06842253036044	1.137691688801	0.0729498162051	0.9057271953	0.06266031086	4.04368409	0.06791378	0.095677223	0.53907044	0.043993742	0.08419715	0.4054339	0.027536048	0.02972297	2.887731	0.0059153002
0.06707978114925962	0.07427857007278192	0.1340631607323759	4.4524217902264	0.151633475398795	0.068179165878401	1.396256768446	0.0810457502134	0.212394505016	0.088416731992	0.29379074423	0.0623276632	768.6576	0.0590147951	0.099352611	0.39441557	0.040264809	0.08040352	0.3517504	0.02523405	0.02735601	2.60721	0.0054227003
18.48597227845665	0.691381219560961	0.1362026672922955	0.0661045185002222	0.098611726283064	26.59157701937	0.07326609978505	0.1622499792156	0.133892529226	0.10373089195	0.12109602834	0.1574922079	0.0640932635	6.4816577	0.052485582	0.10305163	0.3048919	0.03703494	0.07674369	0.308825	0.02321029	0.02525705	2.36706	0.004989161
0.06178570954766519	0.06736753664525144	0.1102270774258763	1.16239572248175	0.221715501747628	0.061410631367525	0.234474382299	0.1416531648324	0.078198787778	0.33378501755	0.070708958229	0.1874874269	0.1048736267	0.0674229185	1.5977723	0.04746679	0.10669655	0.2450678	0.03420866	0.0732306	0.273853	0.0214214	0.0233877	2.15969	0.004605606
19.98321458690025	0.743340856527637	0.1428020314015954	0.0641233400658998	0.074945717071908	1.9629407444992	0.09635589766313	0.07808053825851	0.684927450349	0.0582992676932	2.2196308827	0.05720531037	0.338622432	0.078695669	0.072063778	0.7409955	0.043463441	0.1102302	0.2027723	0.03171451	0.0698718	0.244904	0.0198322	0.021716	1.9793	0.00426464
0.0572680843528875	0.06168583505237681	0.0936492608749661	0.555038559663719	0.36339062062241	0.061310444736879	0.10773501916363	0.4491285783923	0.0560135986465	11.191160292	0.054688992651	8.18363216	0.05131341009	0.78360484	0.063595905	0.077908756	0.4400178	0.04017314	0.1136106	0.171553	0.0294977	0.066671	0.22062	0.018414	0.0202154	1.8212	0.00396017
21.48125358347272	0.795614990170318	0.1498081000247423	0.0632803878267168	0.0618975260396489	0.42183744328566	0.15513228765586	0.05657439494788	4.7817213695	0.058286749988	0.36240775096	0.0596899568	0.608466389	0.0492676175	3.1930261	0.053994634	0.08493655	0.2981013	0.0374022	0.116807	0.147714	0.0275154	0.063627	0.2	0.017143	0.018864	1.6818	0.00368719
0.05336742644834155	0.05692515279003246	0.08150162208881795	0.337285535711039	0.70201513389073	0.065856550909116	0.06993973237934	19.0128030867	0.056777980691	0.209911620009	0.079509936226	0.12886503257	0.07328438073	0.22545803	0.0496076468	3481.48	0.047450126	0.09318355	0.219084	0.0350216	0.119797	0.129007	0.025733	0.060739	0.18232	0.015999	0.017642	1.558	0.0034415
22.97993254910934	0.848139619708155	0.1571217307173304	0.0631961676556452	0.053987451046339	0.19386176220177	0.32734523452857	0.05130639243754	0.2531563128779	0.0895101241511	0.082720448154	0.14300205413	0.07509310875	0.1001843388	0.125855149	0.05172079	4.086582	0.04274841	0.1027309	0.170096	0.0329425	0.122565	0.11399	0.024124	0.058	0.167	0.014967	0.016534	1.448	0.0032195
0.04996520606042106	0.05287340521931183	0.07223641195955337	0.23331145496342	1.8297526028358	0.074880376736306	0.054360906097225	1.014652372863	0.0748758216314	0.0766417027031	0.24673224418	0.054242610408	0.3918746392	0.0549546507	0.153935201	0.085179328	0.055375867	1.053043	0.03922698	0.113699	0.137345	0.031102	0.1251	0.10171	0.022664	0.05541	0.1537	0.01403	0.01553	1.35	0.0030184
24.47913333967195	0.900867095275657	0.1646739758512152	0.0636422460657806	0.0488957212678446	0.118254000571521	1.1854295508999	0.05422453293275	0.0956553055283	0.237638708128	0.0496247777169	3.758656101	0.04577384182	3.72287565	0.0459234345	0.27582386	0.064450423	0.06055183	0.493547	0.0364977	0.126249	0.11419	0.029454	0.1274	0.09151	0.02134	0.053	0.142	0.01318	0.01461	1.26	0.002836
0.04697147373116499	0.04937973894996426	0.06494271904523463	0.1748797230836871	10.930057700051	0.089360114675214	0.047224283669519	0.2280315598234	0.1299382486902	0.0499340626452	45.23753368	0.04582797319	1.133464116	0.04534772247	3.6792718	0.04186554	0.6364045	0.05240167	0.0673737	0.294301	0.0343202	0.14058	0.09711	0.027965	0.1295	0.0829	0.02012	0.0506	0.132	0.0124	0.01377	1.18	0.002669