0  0 0  
0.100671  -0.835293 0.00271094  
0.201342  -3.20712 0.00991096  
0.302013  -6.73426 0.0190942  
0.402685  -10.8841 0.0271923  
0.503356  -15.0546 0.0315044  
0.604027  -18.7175 0.0307717  
0.704698  -21.4247 0.0252204  
0.805369  -23.0143 0.0169099  
0.90604  -23.4661 0.00841805  
1.00671  -22.9045 0.0021931  
1.10738  -21.6599 -0.000370575  
1.20805  -20.0352 0.00068881  
1.30872  -18.2015 0.00420526  
1.4094  -16.4684 0.00833766  
1.51007  -14.8378 0.0111718  
1.61074  -13.4272 0.0119306  
1.71141  -12.1647 0.0103944  
1.81208  -11.0286 0.0074699  
1.91275  -10.006 0.00438386  
2.01342  -9.05209 0.00222671  
2.11409  -8.16974 0.00158142  
2.21477  -7.39345 0.00224302  
2.31544  -6.73184 0.00355535  
2.41611  -6.18456 0.00466903  
2.51678  -5.72217 0.00483903  
2.61745  -5.33031 0.00383064  
2.71812  -4.98095 0.00190238  
2.81879  -4.64469 -0.000379821  
2.91946  -4.30219 -0.00238195  
3.02013  -3.94745 -0.00364727  
3.12081  -3.58692 -0.00404163  
3.22148  -3.23505 -0.00375289  
3.32215  -2.90805 -0.00316308  
3.42282  -2.61821 -0.00266171  
3.52349  -2.37028 -0.00248506  
3.62416  -2.16088 -0.00264444  
3.72483  -1.98052 -0.00296069  
3.8255  -1.81728 -0.00317506  
3.92617  -1.66054 -0.00307801  
4.02685  -1.50373 -0.00259883  
4.12752  -1.34538 -0.00182377  
4.22819  -1.18842 -0.000945918  
4.32886  -1.03837 -0.000177732  
4.42953  -0.901087 0.000331932  
4.5302  -0.78089 0.000543707  
4.63087  -0.679488 0.000524222  
4.73154  -0.59583 0.000402818  
4.83221  -0.526737 0.000311838  
4.93289  -0.46798 0.000335884  
5.03356  -0.415411 0.000487488  
5.13423  -0.365868 0.000713779  
5.2349  -0.316655 0.000915068  
5.33557  -0.268814 0.00101079  
5.43624  -0.223635 0.000969278  
5.53691  -0.182566 0.000807747  
5.63758  -0.14694 0.000580674  
5.73826  -0.117576 0.00035571  
5.83893  -0.0945882 0.000188945  
5.9396  -0.0773826 0.00010787  
6.04027  -0.0648194 0.000106301  
6.14094  -0.0552591 0.000147227  
6.24161  -0.0474073 0.000185506  
6.34228  -0.0401244 0.000188868  
6.44295  -0.0326897 0.000145803  
6.54362  -0.0248196 6.57543e-05  
6.6443  -0.0166111 -2.75536e-05  
6.74497  -0.00843438 -0.000106392  
6.84564  -0.000824438 -0.000146157  
6.94631  0.00561414 -0.000140557  
7.04698  0.0105323 -0.000103969  
7.14765  0.0137736 -5.64761e-05  
7.24832  0.0153628 -1.84155e-05  
7.34899  0.0154804 -3.94811e-06  
7.44966  0.0144191 -1.72763e-05  
7.55034  0.0125213 -5.10422e-05  
7.65101  0.0101933 -8.88369e-05  
7.75168  0.00775943 -0.000115972  
7.85235  0.00544502 -0.000121943  
7.95302  0.00340142 -0.000102985  
8.05369  0.00171184 -6.22441e-05  
8.15436  0.000402994 -8.29901e-06  
8.25503  -0.000522268 4.65053e-05  
8.3557  -0.00111452 8.84281e-05  
8.45638  -0.00145345 0.000111057  
8.55705  -0.00159442 0.000112675  
8.65772  -0.00158895 9.57208e-05  
8.75839  -0.00148226 6.57208e-05  
8.85906  -0.00131232 2.98696e-05  
8.95973  -0.0011099 -4.50506e-06  
9.0604  -0.000897723 -3.04528e-05  
9.16107  -0.00069847 -4.45801e-05  
9.26174  -0.000523091 -4.73002e-05  
9.36242  -0.000377461 -4.11764e-05  
9.46309  -0.000263042 -2.98804e-05  
9.56376  -0.000177819 -1.71082e-05  
9.66443  -0.000117484 -5.72439e-06  
9.7651  -7.6701e-05 2.67624e-06  
9.86577  -5.03483e-05 7.71263e-06  
9.96644  -3.41594e-05 9.76531e-06  
10.0671  -2.41476e-05 9.73628e-06  
10.1678  -1.80495e-05 8.36285e-06  
10.2685  -1.42505e-05 6.1639e-06  
10.3691  -1.15633e-05 3.54662e-06  
10.4698  -9.16717e-06 9.40286e-07  
10.5705  -6.65061e-06 -1.17725e-06  
10.6711  -4.03329e-06 -2.39604e-06  
10.7718  -1.66181e-06 -2.55556e-06  
10.8725  2.95998e-08 -1.85437e-06  
10.9732  7.94336e-07 -7.86689e-07  
11.0738  7.38309e-07 8.68875e-08  
11.1745  2.77759e-07 4.14372e-07  
11.2752  -8.6895e-08 2.12574e-07  
11.3758  -4.50741e-08 -1.84961e-07  
11.4765  3.69228e-07 -3.60787e-07  
11.5772  8.34984e-07 -8.34542e-08  
11.6779  9.73714e-07 5.51162e-07  
11.7785  6.04266e-07 1.18996e-06  
11.8792  -1.36321e-07 1.45336e-06  
11.9799  -8.76876e-07 1.1776e-06  
12.0805  -1.24241e-06 5.16982e-07  
12.1812  -1.08344e-06 -1.53186e-07  
12.2819  -5.62942e-07 -4.67702e-07  
12.3826  -5.16728e-08 -2.91968e-07  
12.4832  9.97505e-08 2.00945e-07  
12.5839  -2.31141e-07 6.33295e-07  
12.6846  -8.4059e-07 6.36633e-07  
12.7852  -1.31723e-06 1.51156e-07  
12.8859  -1.34476e-06 -5.9202e-07  
12.9866  -8.59856e-07 -1.20613e-06  
13.0872  -8.9911e-08 -1.34247e-06  
13.1879  5.38152e-07 -9.46213e-07  
13.2886  7.20311e-07 -2.9005e-07  
13.3893  4.03972e-07 2.36116e-07  
13.4899  -1.5089e-07 3.11476e-07  
13.5906  -5.52069e-07 -5.94263e-08  
13.6913  -4.82146e-07 -6.22605e-07  
13.7919  9.54532e-09 -9.83649e-07  
13.8926  6.54143e-07 -8.44081e-07  
13.9933  1.043e-06 -2.72695e-07  
14.094  9.30687e-07 4.3369e-07  
14.1946  3.52678e-07 8.63118e-07  
14.2953  -3.47666e-07 7.69295e-07  
14.396  -7.66504e-07 2.23517e-07  
14.4966  -6.62043e-07 -4.3437e-07  
14.5973  -1.27356e-07 -8.00143e-07  
14.698  4.92931e-07 -6.55341e-07  
14.7987  8.05504e-07 -1.02543e-07  
14.8993  6.0572e-07 5.03991e-07  
15  0 0  
