10  0.176751  
12  0.159444  
14  0.209957  
16  0.292414  
18  0.390244  
20  0.500056  
22  0.66809  
24  0.820156  
26  1.03018  
28  1.2719  
30  1.55658  
32  1.85375  
34  2.21776  
36  2.58813  
38  3.06501  
40  3.59238  
42  4.13707  
44  4.78959  
46  5.40121  
48  6.18829  
50  6.92492  
52  7.84505  
54  8.76025  
56  9.84066  
58  10.9312  
60  12.3907  
62  13.6423  
64  15.0492  
66  16.9912  
68  18.4234  
70  19.6112  
72  21.3967  
74  23.2395  
76  25.6051  
78  27.4574  
80  30.1349  
82  32.3936  
84  34.821  
86  38.4856  
