0.068714  -0.40402 0.0013682  
0.360281  -9.01425 0.0236111  
0.877656  -23.3172 0.010577  
1.60883  -13.4487 0.0119238  
2.53668  -5.62688 0.00469549  
3.63946  -2.12788 -0.00267741  
4.89133  -0.489548 0.000313452  
6.26294  -0.0457369 0.000186969  
7.72214  0.00848259 -0.00010761  
9.23473  -0.000567739 -4.68703e-05  
10.7653  -1.80125e-06 -2.56169e-06  
12.2779  -5.85552e-07 -4.59462e-07  
13.7371  -2.8023e-07 -8.08166e-07  
15.1087  7.058e-07 5.87262e-07  
16.3605  0.000110632 9.2052e-05  
17.4633  0.000362663 0.000301755  
18.3912  0.000687323 0.000571889  
19.1223  0.00101566 0.000845086  
19.6397  0.00128661 0.00107052  
19.9313  0.00145339 0.0012093  
