0  0  0
0.01  -0.0148141  0.00425503
0.02  -0.0296744  0.00852336
0.03  -0.0445689  0.0128015
0.04  -0.0594856  0.017086
0.05  -0.074413  0.0213736
0.06  -0.0893397  0.025661
0.07  -0.104255  0.0299451
0.08  -0.119148  0.0342228
0.09  -0.134009  0.0384912
0.1  -0.148827  0.0427474
0.11  -0.163593  0.0469886
0.12  -0.178297  0.0512121
0.13  -0.19293  0.0554152
0.14  -0.207484  0.0595955
0.15  -0.22195  0.0637504
0.16  -0.236318  0.0678775
0.17  -0.250582  0.0719744
0.18  -0.264733  0.0760391
0.19  -0.278764  0.0800691
0.2  -0.292667  0.0840625
0.21  -0.306435  0.0880171
0.22  -0.320061  0.0919309
0.23  -0.333539  0.0958021
0.24  -0.346862  0.0996287
0.25  -0.360023  0.103409
0.26  -0.373016  0.107141
0.27  -0.385836  0.110823
0.28  -0.398477  0.114454
0.29  -0.410932  0.118032
0.3  -0.423198  0.121555
0.31  -0.435267  0.125021
0.32  -0.447136  0.128431
0.33  -0.4588  0.131781
0.34  -0.470253  0.13507
0.35  -0.481491  0.138298
0.36  -0.492509  0.141463
0.37  -0.503304  0.144563
0.38  -0.51387  0.147598
0.39  -0.524204  0.150567
0.4  -0.534302  0.153467
0.41  -0.54416  0.156299
0.42  -0.553775  0.15906
0.43  -0.563142  0.161751
0.44  -0.572258  0.164369
0.45  -0.58112  0.166915
0.46  -0.589725  0.169386
0.47  -0.598069  0.171783
0.48  -0.60615  0.174104
0.49  -0.613965  0.176349
0.5  -0.62151  0.178516
0.51  -0.628783  0.180605
0.52  -0.635781  0.182615
0.53  -0.642502  0.184545
0.54  -0.648944  0.186396
0.55  -0.655104  0.188165
0.56  -0.66098  0.189853
0.57  -0.66657  0.191458
0.58  -0.671872  0.192981
0.59  -0.676883  0.194421
0.6  -0.681603  0.195776
0.61  -0.686029  0.197048
0.62  -0.69016  0.198234
0.63  -0.693994  0.199335
0.64  -0.69753  0.200351
0.65  -0.700767  0.201281
0.66  -0.703703  0.202124
0.67  -0.706337  0.202881
0.68  -0.708669  0.20355
0.69  -0.710696  0.204133
0.7  -0.71242  0.204628
0.71  -0.713838  0.205035
0.72  -0.71495  0.205355
0.73  -0.715756  0.205586
0.74  -0.716256  0.20573
0.75  -0.716448  0.205785
0.76  -0.716334  0.205752
0.77  -0.715912  0.205631
0.78  -0.715184  0.205422
0.79  -0.714148  0.205124
0.8  -0.712806  0.204739
0.81  -0.711157  0.204265
0.82  -0.709203  0.203704
0.83  -0.706944  0.203055
0.84  -0.70438  0.202319
0.85  -0.701513  0.201495
0.86  -0.698344  0.200585
0.87  -0.694873  0.199588
0.88  -0.691102  0.198505
0.89  -0.687032  0.197335
0.9  -0.682664  0.196081
0.91  -0.678001  0.194742
0.92  -0.673043  0.193318
0.93  -0.667793  0.19181
0.94  -0.662253  0.190218
0.95  -0.656425  0.188544
0.96  -0.65031  0.186788
0.97  -0.643912  0.18495
0.98  -0.637232  0.183032
0.99  -0.630273  0.181033
1  -0.623039  0.178955
1.01  -0.615531  0.176798
1.02  -0.607752  0.174564
1.03  -0.599706  0.172253
1.04  -0.591396  0.169866
1.05  -0.582825  0.167404
1.06  -0.573997  0.164869
1.07  -0.564914  0.16226
1.08  -0.555582  0.159579
1.09  -0.546002  0.156828
1.1  -0.536181  0.154007
1.11  -0.52612  0.151117
1.12  -0.515825  0.14816
1.13  -0.5053  0.145137
1.14  -0.494549  0.142049
1.15  -0.483576  0.138897
1.16  -0.472386  0.135683
1.17  -0.460985  0.132408
1.18  -0.449375  0.129074
1.19  -0.437564  0.125681
1.2  -0.425555  0.122232
1.21  -0.413353  0.118727
1.22  -0.400964  0.115169
1.23  -0.388393  0.111558
1.24  -0.375646  0.107896
1.25  -0.362727  0.104186
1.26  -0.349644  0.100428
1.27  -0.3364  0.0966238
1.28  -0.323002  0.0927756
1.29  -0.309456  0.0888848
1.3  -0.295768  0.0849531
1.31  -0.281943  0.0809823
1.32  -0.267988  0.076974
1.33  -0.253909  0.0729301
1.34  -0.239712  0.0688524
1.35  -0.225404  0.0647425
1.36  -0.21099  0.0606025
1.37  -0.196477  0.056434
1.38  -0.181872  0.052239
1.39  -0.167181  0.0480193
1.4  -0.152411  0.0437769
1.41  -0.137568  0.0395136
1.42  -0.122659  0.0352312
1.43  -0.107691  0.0309319
1.44  -0.0926697  0.0266174
1.45  -0.0776029  0.0222898
1.46  -0.0624971  0.017951
1.47  -0.0473591  0.0136029
1.48  -0.0321958  0.00924757
1.49  -0.017014  0.00488693
1.5  -0.00182077  0.000522977
1.51  0.0133771  -0.0038423
1.52  0.0285727  -0.00820692
1.53  0.0437591  -0.0125689
1.54  0.0589293  -0.0169262
1.55  0.0740764  -0.0212769
1.56  0.0891935  -0.025619
1.57  0.104274  -0.0299504
1.58  0.11931  -0.0342693
1.59  0.134295  -0.0385736
1.6  0.149223  -0.0428613
1.61  0.164087  -0.0471305
1.62  0.178879  -0.0513793
1.63  0.193593  -0.0556056
1.64  0.208222  -0.0598075
1.65  0.22276  -0.0639831
1.66  0.237199  -0.0681305
1.67  0.251533  -0.0722477
1.68  0.265756  -0.0763329
1.69  0.279861  -0.0803843
1.7  0.293841  -0.0843998
1.71  0.30769  -0.0883777
1.72  0.321402  -0.0923161
1.73  0.33497  -0.0962133
1.74  0.348389  -0.100067
1.75  0.361651  -0.103877
1.76  0.374751  -0.107639
1.77  0.387683  -0.111354
1.78  0.40044  -0.115018
1.79  0.413018  -0.118631
1.8  0.42541  -0.12219
1.81  0.43761  -0.125694
1.82  0.449613  -0.129142
1.83  0.461414  -0.132532
1.84  0.473007  -0.135861
1.85  0.484387  -0.13913
1.86  0.495548  -0.142336
1.87  0.506486  -0.145477
1.88  0.517195  -0.148553
1.89  0.527671  -0.151562
1.9  0.537909  -0.154503
1.91  0.547904  -0.157374
1.92  0.557652  -0.160174
1.93  0.567148  -0.162901
1.94  0.576388  -0.165556
1.95  0.585369  -0.168135
1.96  0.594085  -0.170638
1.97  0.602533  -0.173065
1.98  0.61071  -0.175414
1.99  0.618611  -0.177683
2  0.626233  -0.179872
2.01  0.633573  -0.181981
2.02  0.640628  -0.184007
2.03  0.647394  -0.18595
2.04  0.653868  -0.18781
2.05  0.660049  -0.189585
2.06  0.665932  -0.191275
2.07  0.671516  -0.192879
2.08  0.676798  -0.194396
2.09  0.681776  -0.195826
2.1  0.686448  -0.197168
2.11  0.690811  -0.198421
2.12  0.694865  -0.199585
2.13  0.698607  -0.20066
2.14  0.702037  -0.201645
2.15  0.705151  -0.20254
2.16  0.707951  -0.203344
2.17  0.710434  -0.204057
2.18  0.712599  -0.204679
2.19  0.714446  -0.20521
2.2  0.715974  -0.205649
2.21  0.717183  -0.205996
2.22  0.718072  -0.206251
2.23  0.718642  -0.206415
2.24  0.718892  -0.206487
2.25  0.718823  -0.206467
2.26  0.718434  -0.206355
2.27  0.717727  -0.206152
2.28  0.716701  -0.205858
2.29  0.715358  -0.205472
2.3  0.713699  -0.204995
2.31  0.711724  -0.204428
2.32  0.709435  -0.20377
2.33  0.706833  -0.203023
2.34  0.70392  -0.202186
2.35  0.700697  -0.201261
2.36  0.697165  -0.200246
2.37  0.693328  -0.199144
2.38  0.689186  -0.197954
2.39  0.684743  -0.196678
2.4  0.68  -0.195316
2.41  0.674959  -0.193868
2.42  0.669625  -0.192336
2.43  0.663998  -0.19072
2.44  0.658082  -0.18902
2.45  0.65188  -0.187239
2.46  0.645395  -0.185376
2.47  0.63863  -0.183433
2.48  0.631589  -0.181411
2.49  0.624274  -0.17931
2.5  0.616691  -0.177132
2.51  0.608841  -0.174877
2.52  0.600729  -0.172547
2.53  0.59236  -0.170143
2.54  0.583736  -0.167666
2.55  0.574863  -0.165117
2.56  0.565743  -0.162498
2.57  0.556383  -0.159809
2.58  0.546785  -0.157053
2.59  0.536955  -0.154229
2.6  0.526897  -0.15134
2.61  0.516617  -0.148387
2.62  0.506118  -0.145372
2.63  0.495405  -0.142295
2.64  0.484484  -0.139158
2.65  0.47336  -0.135963
2.66  0.462038  -0.132711
2.67  0.450522  -0.129403
2.68  0.438819  -0.126042
2.69  0.426933  -0.122628
2.7  0.414871  -0.119163
2.71  0.402637  -0.115649
2.72  0.390237  -0.112088
2.73  0.377677  -0.10848
2.74  0.364962  -0.104828
2.75  0.352099  -0.101133
2.76  0.339092  -0.0973971
2.77  0.325948  -0.0936218
2.78  0.312673  -0.0898087
2.79  0.299272  -0.0859595
2.8  0.285751  -0.082076
2.81  0.272117  -0.0781599
2.82  0.258375  -0.0742129
2.83  0.244532  -0.0702367
2.84  0.230593  -0.0662331
2.85  0.216565  -0.0622038
2.86  0.202454  -0.0581507
2.87  0.188266  -0.0540754
2.88  0.174006  -0.0499797
2.89  0.159682  -0.0458654
2.9  0.1453  -0.0417343
2.91  0.130865  -0.0375882
2.92  0.116384  -0.0334288
2.93  0.101863  -0.029258
2.94  0.0873081  -0.0250774
2.95  0.0727257  -0.020889
2.96  0.0581221  -0.0166943
2.97  0.0435032  -0.0124954
2.98  0.0288753  -0.00829383
2.99  0.0142445  -0.00409145
3  -0.000382922  0.000109986
3.01  -0.015001  0.00430872
3.02  -0.0296036  0.008503
3.03  -0.0441845  0.0126911
3.04  -0.0587379  0.0168712
3.05  -0.0732577  0.0210417
3.06  -0.0877378  0.0252009
3.07  -0.102172  0.0293469
3.08  -0.116555  0.0334781
3.09  -0.130881  0.0375929
3.1  -0.145144  0.0416895
3.11  -0.159337  0.0457664
3.12  -0.173456  0.0498217
3.13  -0.187495  0.053854
3.14  -0.201448  0.0578616
3.15  -0.215308  0.0618429
3.16  -0.229072  0.0657962
3.17  -0.242734  0.0697201
3.18  -0.256287  0.073613
3.19  -0.269727  0.0774734
3.2  -0.283048  0.0812996
3.21  -0.296245  0.0850903
3.22  -0.309314  0.088844
3.23  -0.322248  0.0925591
3.24  -0.335044  0.0962343
3.25  -0.347695  0.0998681
3.26  -0.360197  0.103459
3.27  -0.372546  0.107006
3.28  -0.384737  0.110508
3.29  -0.396764  0.113962
3.3  -0.408624  0.117369
3.31  -0.420312  0.120726
3.32  -0.431824  0.124032
3.33  -0.443155  0.127287
3.34  -0.454301  0.130489
3.35  -0.465259  0.133636
3.36  -0.476023  0.136728
3.37  -0.486591  0.139763
3.38  -0.496958  0.142741
3.39  -0.50712  0.14566
3.4  -0.517075  0.148519
3.41  -0.526817  0.151317
3.42  -0.536345  0.154054
3.43  -0.545654  0.156728
3.44  -0.554742  0.159338
3.45  -0.563604  0.161884
3.46  -0.572239  0.164364
3.47  -0.580643  0.166777
3.48  -0.588813  0.169124
3.49  -0.596746  0.171403
3.5  -0.60444  0.173613
3.51  -0.611893  0.175754
3.52  -0.619102  0.177824
3.53  -0.626064  0.179824
3.54  -0.632777  0.181752
3.55  -0.639239  0.183608
3.56  -0.645449  0.185392
3.57  -0.651403  0.187102
3.58  -0.657101  0.188739
3.59  -0.662541  0.190301
3.6  -0.667721  0.191789
3.61  -0.672639  0.193201
3.62  -0.677294  0.194539
3.63  -0.681685  0.1958
3.64  -0.685811  0.196985
3.65  -0.68967  0.198093
3.66  -0.693262  0.199125
3.67  -0.696586  0.20008
3.68  -0.699641  0.200957
3.69  -0.702426  0.201757
3.7  -0.70494  0.202479
3.71  -0.707184  0.203124
3.72  -0.709157  0.20369
3.73  -0.710858  0.204179
3.74  -0.712288  0.20459
3.75  -0.713446  0.204923
3.76  -0.714333  0.205177
3.77  -0.714949  0.205354
3.78  -0.715293  0.205453
3.79  -0.715367  0.205474
3.8  -0.71517  0.205418
3.81  -0.714703  0.205284
3.82  -0.713968  0.205072
3.83  -0.712964  0.204784
3.84  -0.711692  0.204419
3.85  -0.710154  0.203977
3.86  -0.70835  0.203459
3.87  -0.706282  0.202865
3.88  -0.70395  0.202195
3.89  -0.701356  0.20145
3.9  -0.698502  0.20063
3.91  -0.695388  0.199736
3.92  -0.692017  0.198767
3.93  -0.688389  0.197725
3.94  -0.684508  0.196611
3.95  -0.680373  0.195423
3.96  -0.675988  0.194164
3.97  -0.671355  0.192833
3.98  -0.666474  0.191431
3.99  -0.66135  0.189959
4  -0.655982  0.188417
4.01  -0.650375  0.186807
4.02  -0.64453  0.185128
4.03  -0.63845  0.183381
4.04  -0.632136  0.181568
4.05  -0.625593  0.179688
4.06  -0.618822  0.177744
4.07  -0.611825  0.175734
4.08  -0.604607  0.173661
4.09  -0.597169  0.171524
4.1  -0.589514  0.169326
4.11  -0.581646  0.167066
4.12  -0.573567  0.164745
4.13  -0.56528  0.162365
4.14  -0.55679  0.159926
4.15  -0.548097  0.157429
4.16  -0.539207  0.154876
4.17  -0.530122  0.152266
4.18  -0.520845  0.149602
4.19  -0.51138  0.146883
4.2  -0.50173  0.144111
4.21  -0.491899  0.141288
4.22  -0.48189  0.138413
4.23  -0.471707  0.135488
4.24  -0.461353  0.132514
4.25  -0.450832  0.129492
4.26  -0.440148  0.126423
4.27  -0.429304  0.123309
4.28  -0.418304  0.120149
4.29  -0.407152  0.116946
4.3  -0.395851  0.1137
4.31  -0.384406  0.110413
4.32  -0.37282  0.107085
4.33  -0.361097  0.103717
4.34  -0.349241  0.100312
4.35  -0.337256  0.0968696
4.36  -0.325145  0.0933913
4.37  -0.312914  0.0898781
4.38  -0.300566  0.0863312
4.39  -0.288104  0.0827518
4.4  -0.275533  0.0791411
4.41  -0.262857  0.0755002
4.42  -0.25008  0.0718302
4.43  -0.237206  0.0681324
4.44  -0.224239  0.0644079
4.45  -0.211183  0.0606578
4.46  -0.198042  0.0568834
4.47  -0.18482  0.0530858
4.48  -0.171522  0.0492662
4.49  -0.158151  0.0454257
4.5  -0.144712  0.0415656
4.51  -0.131209  0.037687
4.52  -0.117645  0.0337911
4.53  -0.104025  0.029879
4.54  -0.090353  0.025952
4.55  -0.076633  0.0220112
4.56  -0.0628691  0.0180578
4.57  -0.0490654  0.014093
4.58  -0.0352258  0.0101179
4.59  -0.0213546  0.00613366
4.6  -0.00745561  0.00214147
4.61  0.00646702  -0.00185752
4.62  0.0204093  -0.00586214
4.63  0.0343672  -0.00987127
4.64  0.0483368  -0.0138837
4.65  0.0623141  -0.0178984
4.66  0.0762952  -0.0219142
4.67  0.0902761  -0.0259299
4.68  0.104253  -0.0299445
4.69  0.118222  -0.0339567
4.7  0.132179  -0.0379656
4.71  0.14612  -0.0419699
4.72  0.160042  -0.0459687
4.73  0.17394  -0.0499607
4.74  0.187812  -0.053945
4.75  0.201652  -0.0579205
4.76  0.215459  -0.061886
4.77  0.229226  -0.0658405
4.78  0.242953  -0.0697831
4.79  0.256633  -0.0737125
4.8  0.270265  -0.0776279
4.81  0.283844  -0.0815282
4.82  0.297366  -0.0854123
4.83  0.310829  -0.0892793
4.84  0.324229  -0.0931282
4.85  0.337563  -0.0969579
4.86  0.350826  -0.100768
4.87  0.364017  -0.104556
4.88  0.37713  -0.108323
4.89  0.390164  -0.112066
4.9  0.403114  -0.115786
4.91  0.415979  -0.119481
4.92  0.428753  -0.12315
4.93  0.441436  -0.126793
4.94  0.454022  -0.130408
4.95  0.46651  -0.133995
4.96  0.478895  -0.137553
4.97  0.491176  -0.14108
4.98  0.50335  -0.144577
4.99  0.515413  -0.148042
5  0.527362  -0.151474
5.01  0.539196  -0.154873
5.02  0.55091  -0.158238
5.03  0.562503  -0.161567
5.04  0.573972  -0.164861
5.05  0.585314  -0.168119
5.06  0.596526  -0.17134
5.07  0.607606  -0.174522
5.08  0.618552  -0.177666
5.09  0.629361  -0.180771
5.1  0.64003  -0.183835
5.11  0.650558  -0.186859
5.12  0.660942  -0.189842
5.13  0.67118  -0.192782
5.14  0.681269  -0.19568
5.15  0.691208  -0.198535
5.16  0.700994  -0.201346
5.17  0.710625  -0.204112
5.18  0.7201  -0.206834
5.19  0.729415  -0.209509
5.2  0.73857  -0.212139
5.21  0.747563  -0.214722
5.22  0.756391  -0.217257
5.23  0.765053  -0.219745
5.24  0.773546  -0.222185
5.25  0.781871  -0.224576
5.26  0.790024  -0.226918
5.27  0.798004  -0.22921
5.28  0.805809  -0.231452
5.29  0.813439  -0.233643
5.3  0.820891  -0.235784
5.31  0.828165  -0.237873
5.32  0.835258  -0.23991
5.33  0.84217  -0.241896
5.34  0.848899  -0.243828
5.35  0.855444  -0.245708
5.36  0.861803  -0.247535
5.37  0.867977  -0.249308
5.38  0.873963  -0.251028
5.39  0.87976  -0.252693
5.4  0.885368  -0.254304
5.41  0.890786  -0.25586
5.42  0.896012  -0.257361
5.43  0.901046  -0.258807
5.44  0.905887  -0.260197
5.45  0.910534  -0.261532
5.46  0.914986  -0.262811
5.47  0.919243  -0.264034
5.48  0.923305  -0.2652
5.49  0.92717  -0.26631
5.5  0.930837  -0.267364
5.51  0.934308  -0.26836
5.52  0.93758  -0.2693
5.53  0.940653  -0.270183
5.54  0.943528  -0.271009
5.55  0.946204  -0.271777
5.56  0.94868  -0.272489
5.57  0.950956  -0.273142
5.58  0.953032  -0.273739
5.59  0.954908  -0.274278
5.6  0.956584  -0.274759
5.61  0.958059  -0.275183
5.62  0.959334  -0.275549
5.63  0.960408  -0.275857
5.64  0.961282  -0.276108
5.65  0.961956  -0.276302
5.66  0.962429  -0.276438
5.67  0.962701  -0.276516
5.68  0.962774  -0.276537
5.69  0.962647  -0.2765
5.7  0.96232  -0.276406
5.71  0.961795  -0.276255
5.72  0.96107  -0.276047
5.73  0.960146  -0.275782
5.74  0.959025  -0.27546
5.75  0.957706  -0.275081
5.76  0.956189  -0.274645
5.77  0.954476  -0.274153
5.78  0.952566  -0.273605
5.79  0.950461  -0.273
5.8  0.948161  -0.272339
5.81  0.945666  -0.271623
5.82  0.942978  -0.270851
5.83  0.940097  -0.270023
5.84  0.937024  -0.269141
5.85  0.933759  -0.268203
5.86  0.930304  -0.26721
5.87  0.926659  -0.266164
5.88  0.922826  -0.265062
5.89  0.918804  -0.263907
5.9  0.914595  -0.262698
5.91  0.910201  -0.261436
5.92  0.905621  -0.260121
5.93  0.900858  -0.258753
5.94  0.895912  -0.257332
5.95  0.890784  -0.255859
5.96  0.885476  -0.254335
5.97  0.879989  -0.252758
5.98  0.874323  -0.251131
5.99  0.86848  -0.249453
6  0.862462  -0.247724
6.01  0.856269  -0.245946
6.02  0.849904  -0.244117
6.03  0.843367  -0.242239
6.04  0.836659  -0.240313
6.05  0.829783  -0.238338
6.06  0.822739  -0.236315
6.07  0.81553  -0.234244
6.08  0.808156  -0.232126
6.09  0.800619  -0.229961
6.1  0.792921  -0.22775
6.11  0.785063  -0.225493
6.12  0.777047  -0.223191
6.13  0.768875  -0.220843
6.14  0.760547  -0.218451
6.15  0.752067  -0.216016
6.16  0.743435  -0.213536
6.17  0.734654  -0.211014
6.18  0.725725  -0.208449
6.19  0.716649  -0.205843
6.2  0.70743  -0.203194
6.21  0.698068  -0.200505
6.22  0.688565  -0.197776
6.23  0.678924  -0.195007
6.24  0.669146  -0.192198
6.25  0.659234  -0.189351
6.26  0.649188  -0.186466
6.27  0.639012  -0.183543
6.28  0.628707  -0.180583
6.29  0.618275  -0.177587
6.3  0.607719  -0.174555
6.31  0.59704  -0.171487
6.32  0.58624  -0.168385
6.33  0.575323  -0.165249
6.34  0.564289  -0.16208
6.35  0.553141  -0.158878
6.36  0.541881  -0.155644
6.37  0.530511  -0.152378
6.38  0.519034  -0.149082
6.39  0.507452  -0.145755
6.4  0.495768  -0.142399
6.41  0.483982  -0.139014
6.42  0.472099  -0.135601
6.43  0.460119  -0.13216
6.44  0.448047  -0.128692
6.45  0.435882  -0.125198
6.46  0.42363  -0.121679
6.47  0.41129  -0.118135
6.48  0.398867  -0.114566
6.49  0.386363  -0.110975
6.5  0.373779  -0.10736
6.51  0.361119  -0.103724
6.52  0.348385  -0.100066
6.53  0.335579  -0.0963881
6.54  0.322705  -0.0926901
6.55  0.309763  -0.0889731
6.56  0.296758  -0.0852377
6.57  0.283692  -0.0814846
6.58  0.270567  -0.0777147
6.59  0.257386  -0.0739287
6.6  0.244151  -0.0701273
6.61  0.230866  -0.0663113
6.62  0.217532  -0.0624815
6.63  0.204152  -0.0586385
6.64  0.19073  -0.0547832
6.65  0.177267  -0.0509163
6.66  0.163767  -0.0470387
6.67  0.150232  -0.043151
6.68  0.136665  -0.0392541
6.69  0.123068  -0.0353487
6.7  0.109445  -0.0314357
6.71  0.0957971  -0.0275157
6.72  0.0821283  -0.0235897
6.73  0.0684411  -0.0196583
6.74  0.0547381  -0.0157224
6.75  0.0410221  -0.0117827
6.76  0.0272958  -0.00784016
6.77  0.0135621  -0.00389544
6.78  -0.000176227  5.06176e-05
6.79  -0.0139165  0.00399722
6.8  -0.0276559  0.00794357
6.81  -0.0413916  0.0118889
6.82  -0.0551208  0.0158323
6.83  -0.0688407  0.0197731
6.84  -0.0825486  0.0237104
6.85  -0.0962416  0.0276434
6.86  -0.109917  0.0315713
6.87  -0.123572  0.0354934
6.88  -0.137203  0.0394088
6.89  -0.150809  0.0433167
6.9  -0.164385  0.0472163
6.91  -0.17793  0.0511068
6.92  -0.191441  0.0549874
6.93  -0.204914  0.0588574
6.94  -0.218348  0.0627158
6.95  -0.231738  0.0665619
6.96  -0.245083  0.070395
6.97  -0.25838  0.0742141
6.98  -0.271625  0.0780186
6.99  -0.284817  0.0818076
7  -0.297952  0.0855804
7.01  -0.311027  0.0893361
7.02  -0.324041  0.093074
7.03  -0.33699  0.0967932
7.04  -0.349871  0.100493
7.05  -0.362682  0.104173
7.06  -0.37542  0.107832
7.07  -0.388083  0.111469
7.08  -0.400667  0.115083
7.09  -0.413171  0.118675
7.1  -0.425591  0.122242
7.11  -0.437924  0.125785
7.12  -0.45017  0.129302
7.13  -0.462323  0.132793
7.14  -0.474383  0.136257
7.15  -0.486347  0.139693
7.16  -0.498212  0.143101
7.17  -0.509975  0.14648
7.18  -0.521634  0.149828
7.19  -0.533187  0.153147
7.2  -0.54463  0.156434
7.21  -0.555963  0.159689
7.22  -0.567182  0.162911
7.23  -0.578284  0.1661
7.24  -0.589268  0.169255
7.25  -0.600132  0.172375
7.26  -0.610872  0.17546
7.27  -0.621487  0.178509
7.28  -0.631974  0.181521
7.29  -0.642331  0.184496
7.3  -0.652556  0.187433
7.31  -0.662646  0.190331
7.32  -0.672601  0.19319
7.33  -0.682416  0.19601
7.34  -0.692091  0.198789
7.35  -0.701623  0.201527
7.36  -0.711011  0.204223
7.37  -0.720251  0.206877
7.38  -0.729343  0.209489
7.39  -0.738284  0.212057
7.4  -0.747073  0.214581
7.41  -0.755707  0.217061
7.42  -0.764185  0.219496
7.43  -0.772504  0.221886
7.44  -0.780664  0.224229
7.45  -0.788662  0.226527
7.46  -0.796497  0.228777
7.47  -0.804167  0.23098
7.48  -0.81167  0.233135
7.49  -0.819005  0.235242
7.5  -0.826171  0.2373
7.51  -0.833165  0.239309
7.52  -0.839987  0.241269
7.53  -0.846634  0.243178
7.54  -0.853106  0.245037
7.55  -0.859401  0.246845
7.56  -0.865518  0.248602
7.57  -0.871455  0.250307
7.58  -0.877212  0.251961
7.59  -0.882786  0.253562
7.6  -0.888178  0.255111
7.61  -0.893385  0.256606
7.62  -0.898408  0.258049
7.63  -0.903244  0.259438
7.64  -0.907893  0.260773
7.65  -0.912353  0.262055
7.66  -0.916625  0.263281
7.67  -0.920707  0.264454
7.68  -0.924598  0.265571
7.69  -0.928297  0.266634
7.7  -0.931805  0.267641
7.71  -0.935119  0.268593
7.72  -0.93824  0.26949
7.73  -0.941167  0.27033
7.74  -0.943899  0.271115
7.75  -0.946435  0.271844
7.76  -0.948777  0.272516
7.77  -0.950922  0.273132
7.78  -0.95287  0.273692
7.79  -0.954622  0.274195
7.8  -0.956177  0.274642
7.81  -0.957534  0.275032
7.82  -0.958694  0.275365
7.83  -0.959656  0.275641
7.84  -0.96042  0.275861
7.85  -0.960987  0.276023
7.86  -0.961355  0.276129
7.87  -0.961526  0.276178
7.88  -0.961499  0.276171
7.89  -0.961274  0.276106
7.9  -0.960852  0.275985
7.91  -0.960232  0.275807
7.92  -0.959415  0.275572
7.93  -0.9584  0.275281
7.94  -0.95719  0.274933
7.95  -0.955783  0.274529
7.96  -0.95418  0.274068
7.97  -0.952382  0.273552
7.98  -0.950389  0.272979
7.99  -0.948201  0.272351
8  -0.94582  0.271667
8.01  -0.943245  0.270927
8.02  -0.940477  0.270132
8.03  -0.937518  0.269282
8.04  -0.934367  0.268377
8.05  -0.931026  0.267418
8.06  -0.927494  0.266403
8.07  -0.923774  0.265335
8.08  -0.919866  0.264212
8.09  -0.915771  0.263036
8.1  -0.91149  0.261806
8.11  -0.907023  0.260523
8.12  -0.902372  0.259187
8.13  -0.897537  0.257799
8.14  -0.892521  0.256358
8.15  -0.887323  0.254865
8.16  -0.881946  0.253321
8.17  -0.87639  0.251725
8.18  -0.870656  0.250078
8.19  -0.864746  0.24838
8.2  -0.858661  0.246633
8.21  -0.852403  0.244835
8.22  -0.845972  0.242988
8.23  -0.83937  0.241091
8.24  -0.832598  0.239146
8.25  -0.825658  0.237153
8.26  -0.818552  0.235112
8.27  -0.81128  0.233023
8.28  -0.803845  0.230888
8.29  -0.796247  0.228705
8.3  -0.788489  0.226477
8.31  -0.780572  0.224203
8.32  -0.772497  0.221884
8.33  -0.764267  0.21952
8.34  -0.755882  0.217111
8.35  -0.747346  0.214659
8.36  -0.738658  0.212164
8.37  -0.729822  0.209626
8.38  -0.720838  0.207046
8.39  -0.71171  0.204424
8.4  -0.702437  0.201761
8.41  -0.693024  0.199057
8.42  -0.68347  0.196313
8.43  -0.673779  0.193529
8.44  -0.663951  0.190706
8.45  -0.65399  0.187845
8.46  -0.643896  0.184946
8.47  -0.633673  0.182009
8.48  -0.623321  0.179036
8.49  -0.612843  0.176026
8.5  -0.602241  0.172981
8.51  -0.591518  0.169901
8.52  -0.580674  0.166787
8.53  -0.569713  0.163638
8.54  -0.558636  0.160457
8.55  -0.547446  0.157242
8.56  -0.536144  0.153996
8.57  -0.524733  0.150719
8.58  -0.513215  0.14741
8.59  -0.501593  0.144072
8.6  -0.489868  0.140704
8.61  -0.478042  0.137308
8.62  -0.466119  0.133883
8.63  -0.4541  0.130431
8.64  -0.441988  0.126952
8.65  -0.429785  0.123447
8.66  -0.417493  0.119916
8.67  -0.405115  0.116361
8.68  -0.392653  0.112781
8.69  -0.380109  0.109178
8.7  -0.367487  0.105553
8.71  -0.354787  0.101905
8.72  -0.342014  0.0982363
8.73  -0.329169  0.0945468
8.74  -0.316254  0.0908374
8.75  -0.303273  0.0871088
8.76  -0.290227  0.0833618
8.77  -0.27712  0.079597
8.78  -0.263954  0.0758153
8.79  -0.250731  0.0720173
8.8  -0.237455  0.0682039
8.81  -0.224126  0.0643757
8.82  -0.21075  0.0605335
8.83  -0.197327  0.056678
8.84  -0.183861  0.0528101
8.85  -0.170354  0.0489305
8.86  -0.156809  0.04504
8.87  -0.143228  0.0411393
8.88  -0.129615  0.0372293
8.89  -0.115972  0.0333107
8.9  -0.102303  0.0293843
8.91  -0.0886082  0.0254509
8.92  -0.0748924  0.0215113
8.93  -0.0611578  0.0175663
8.94  -0.0474072  0.0136167
8.95  -0.0336435  0.0096634
8.96  -0.0198696  0.00570712
8.97  -0.00608823  0.00174872
8.98  0.00769767  -0.00221099
8.99  0.0214852  -0.00617118
9  0.0352715  -0.010131
9.01  0.0490537  -0.0140897
9.02  0.0628288  -0.0180463
9.03  0.0765939  -0.022
9.04  0.0903461  -0.02595
9.05  0.104082  -0.0298955
9.06  0.1178  -0.0338356
9.07  0.131496  -0.0377694
9.08  0.145166  -0.041696
9.09  0.15881  -0.0456148
9.1  0.172422  -0.0495246
9.11  0.186001  -0.0534248
9.12  0.199543  -0.0573145
9.13  0.213045  -0.0611928
9.14  0.226505  -0.0650587
9.15  0.239919  -0.0689116
9.16  0.253284  -0.0727505
9.17  0.266597  -0.0765746
9.18  0.279856  -0.0803829
9.19  0.293058  -0.0841747
9.2  0.306198  -0.0879491
9.21  0.319276  -0.0917053
9.22  0.332286  -0.0954423
9.23  0.345227  -0.0991594
9.24  0.358096  -0.102856
9.25  0.37089  -0.10653
9.26  0.383605  -0.110183
9.27  0.39624  -0.113812
9.28  0.40879  -0.117416
9.29  0.421254  -0.120996
9.3  0.433628  -0.124551
9.31  0.445909  -0.128078
9.32  0.458096  -0.131579
9.33  0.470185  -0.135051
9.34  0.482173  -0.138494
9.35  0.494059  -0.141908
9.36  0.505838  -0.145291
9.37  0.517509  -0.148644
9.38  0.52907  -0.151964
9.39  0.540517  -0.155252
9.4  0.551848  -0.158507
9.41  0.563061  -0.161727
9.42  0.574153  -0.164914
9.43  0.585123  -0.168064
9.44  0.595967  -0.171179
9.45  0.606684  -0.174257
9.46  0.617272  -0.177299
9.47  0.627728  -0.180302
9.48  0.638051  -0.183267
9.49  0.648238  -0.186193
9.5  0.658289  -0.18908
9.51  0.668199  -0.191926
9.52  0.677969  -0.194733
9.53  0.687597  -0.197498
9.54  0.69708  -0.200222
9.55  0.706417  -0.202904
9.56  0.715607  -0.205543
9.57  0.724649  -0.20814
9.58  0.73354  -0.210694
9.59  0.74228  -0.213204
9.6  0.750867  -0.215671
9.61  0.759301  -0.218093
9.62  0.76758  -0.220471
9.63  0.775703  -0.222804
9.64  0.783668  -0.225092
9.65  0.791476  -0.227335
9.66  0.799126  -0.229532
9.67  0.806615  -0.231683
9.68  0.813944  -0.233789
9.69  0.821112  -0.235847
9.7  0.828118  -0.23786
9.71  0.834961  -0.239825
9.72  0.841641  -0.241744
9.73  0.848156  -0.243615
9.74  0.854506  -0.245439
9.75  0.86069  -0.247215
9.76  0.866707  -0.248943
9.77  0.872556  -0.250624
9.78  0.878237  -0.252255
9.79  0.883748  -0.253838
9.8  0.889088  -0.255372
9.81  0.894256  -0.256856
9.82  0.899251  -0.258291
9.83  0.90407  -0.259675
9.84  0.908712  -0.261008
9.85  0.913174  -0.26229
9.86  0.917456  -0.26352
9.87  0.921553  -0.264697
9.88  0.925464  -0.26582
9.89  0.929185  -0.266889
9.9  0.932712  -0.267902
9.91  0.936042  -0.268859
9.92  0.939169  -0.269757
9.93  0.94209  -0.270596
9.94  0.944798  -0.271373
9.95  0.947287  -0.272088
9.96  0.949551  -0.272739
9.97  0.951581  -0.273322
9.98  0.95337  -0.273836
9.99  0.954909  -0.274278
10  0.956187  -0.274645
10.01  0.957484  -0.275017
10.02  0.958584  -0.275333
10.03  0.959488  -0.275593
10.04  0.960196  -0.275796
10.05  0.960707  -0.275943
10.06  0.961021  -0.276033
10.07  0.961138  -0.276067
10.08  0.961058  -0.276044
10.09  0.960781  -0.275964
10.1  0.960307  -0.275828
10.11  0.959636  -0.275635
10.12  0.958769  -0.275386
10.13  0.957705  -0.275081
10.14  0.956445  -0.274719
10.15  0.954989  -0.274301
10.16  0.953337  -0.273826
10.17  0.95149  -0.273296
10.18  0.949448  -0.272709
10.19  0.947211  -0.272067
10.2  0.944781  -0.271369
10.21  0.942156  -0.270615
10.22  0.939339  -0.269806
10.23  0.936329  -0.268941
10.24  0.933127  -0.268021
10.25  0.929734  -0.267047
10.26  0.926151  -0.266017
10.27  0.922377  -0.264934
10.28  0.918415  -0.263796
10.29  0.914265  -0.262603
10.3  0.909927  -0.261357
10.31  0.905402  -0.260058
10.32  0.900692  -0.258705
10.33  0.895798  -0.257299
10.34  0.89072  -0.255841
10.35  0.885459  -0.25433
10.36  0.880017  -0.252767
10.37  0.874395  -0.251152
10.38  0.868593  -0.249485
10.39  0.862614  -0.247768
10.4  0.856457  -0.246
10.41  0.850125  -0.244181
10.42  0.843619  -0.242312
10.43  0.83694  -0.240394
10.44  0.83009  -0.238426
10.45  0.823069  -0.23641
10.46  0.81588  -0.234345
10.47  0.808524  -0.232232
10.48  0.801002  -0.230071
10.49  0.793316  -0.227863
10.5  0.785467  -0.225609
10.51  0.777457  -0.223308
10.52  0.769288  -0.220962
10.53  0.760961  -0.21857
10.54  0.752478  -0.216134
10.55  0.743842  -0.213653
10.56  0.735052  -0.211128
10.57  0.726112  -0.208561
10.58  0.717024  -0.20595
10.59  0.707788  -0.203297
10.6  0.698407  -0.200603
10.61  0.688883  -0.197867
10.62  0.679218  -0.195091
10.63  0.669414  -0.192275
10.64  0.659473  -0.18942
10.65  0.649396  -0.186526
10.66  0.639187  -0.183593
10.67  0.628846  -0.180623
10.68  0.618377  -0.177616
10.69  0.60778  -0.174572
10.7  0.59706  -0.171493
10.71  0.586217  -0.168378
10.72  0.575253  -0.16523
10.73  0.564172  -0.162047
10.74  0.552976  -0.158831
10.75  0.541666  -0.155582
10.76  0.530245  -0.152302
10.77  0.518715  -0.14899
10.78  0.507079  -0.145648
10.79  0.495339  -0.142276
10.8  0.483498  -0.138875
10.81  0.471557  -0.135445
10.82  0.45952  -0.131988
10.83  0.447389  -0.128503
10.84  0.435166  -0.124992
10.85  0.422854  -0.121456
10.86  0.410455  -0.117895
10.87  0.397972  -0.114309
10.88  0.385408  -0.1107
10.89  0.372764  -0.107069
10.9  0.360044  -0.103415
10.91  0.347251  -0.0997405
10.92  0.334386  -0.0960454
10.93  0.321453  -0.0923306
10.94  0.308453  -0.0885968
10.95  0.295391  -0.0848449
10.96  0.282268  -0.0810757
10.97  0.269087  -0.0772898
10.98  0.255852  -0.073488
10.99  0.242563  -0.0696712
11  0.229225  -0.0658402
11.01  0.21584  -0.0619956
11.02  0.202411  -0.0581383
11.03  0.18894  -0.0542691
11.04  0.175431  -0.0503888
11.05  0.161885  -0.0464982
11.06  0.148307  -0.0425981
11.07  0.134698  -0.0386892
11.08  0.121061  -0.0347724
11.09  0.1074  -0.0308484
11.1  0.0937166  -0.0269182
11.11  0.0800141  -0.0229824
11.12  0.0662951  -0.0190419
11.13  0.0525625  -0.0150975
11.14  0.0388192  -0.01115
11.15  0.0250679  -0.00720024
11.16  0.0113115  -0.003249
11.17  -0.00244722  0.000702912
11.18  -0.0162055  0.00465468
11.19  -0.0299604  0.00860549
11.2  -0.0437091  0.0125545
11.21  -0.057449  0.016501
11.22  -0.071177  0.0204441
11.23  -0.0848905  0.024383
11.24  -0.0985865  0.0283169
11.25  -0.112262  0.032245
11.26  -0.125915  0.0361665
11.27  -0.139542  0.0400806
11.28  -0.153141  0.0439865
11.29  -0.166708  0.0478833
11.3  -0.180241  0.0517704
11.31  -0.193737  0.0556468
11.32  -0.207193  0.0595119
11.33  -0.220607  0.0633647
11.34  -0.233975  0.0672046
11.35  -0.247296  0.0710306
11.36  -0.260566  0.0748422
11.37  -0.273783  0.0786384
11.38  -0.286943  0.0824184
11.39  -0.300045  0.0861816
11.4  -0.313085  0.0899271
11.41  -0.326061  0.0936542
11.42  -0.33897  0.0973621
11.43  -0.35181  0.10105
11.44  -0.364578  0.104717
11.45  -0.377271  0.108363
11.46  -0.389886  0.111987
11.47  -0.402422  0.115587
11.48  -0.414875  0.119164
11.49  -0.427243  0.122717
11.5  -0.439524  0.126244
11.51  -0.451715  0.129746
11.52  -0.463813  0.133221
11.53  -0.475816  0.136668
11.54  -0.487721  0.140088
11.55  -0.499527  0.143479
11.56  -0.51123  0.14684
11.57  -0.522829  0.150172
11.58  -0.53432  0.153472
11.59  -0.545702  0.156741
11.6  -0.556972  0.159979
11.61  -0.568128  0.163183
11.62  -0.579167  0.166354
11.63  -0.590088  0.16949
11.64  -0.600887  0.172592
11.65  -0.611564  0.175659
11.66  -0.622115  0.17869
11.67  -0.632539  0.181684
11.68  -0.642834  0.184641
11.69  -0.652996  0.187559
11.7  -0.663025  0.19044
11.71  -0.672918  0.193282
11.72  -0.682672  0.196083
11.73  -0.692287  0.198845
11.74  -0.701761  0.201566
11.75  -0.71109  0.204246
11.76  -0.720274  0.206884
11.77  -0.72931  0.209479
11.78  -0.738196  0.212031
11.79  -0.746931  0.21454
11.8  -0.755514  0.217006
11.81  -0.763941  0.219426
11.82  -0.772212  0.221802
11.83  -0.780325  0.224132
11.84  -0.788277  0.226416
11.85  -0.796068  0.228654
11.86  -0.803696  0.230845
11.87  -0.81116  0.232989
11.88  -0.818457  0.235085
11.89  -0.825586  0.237132
11.9  -0.832546  0.239132
11.91  -0.839336  0.241082
11.92  -0.845954  0.242983
11.93  -0.852398  0.244834
11.94  -0.858667  0.246634
11.95  -0.864761  0.248385
11.96  -0.870677  0.250084
11.97  -0.876415  0.251732
11.98  -0.881974  0.253329
11.99  -0.887351  0.254873
12  -0.892547  0.256366
12.01  -0.89756  0.257805
12.02  -0.902389  0.259192
12.03  -0.907033  0.260526
12.04  -0.911491  0.261807
12.05  -0.915762  0.263034
12.06  -0.919846  0.264207
12.07  -0.923741  0.265325
12.08  -0.927447  0.26639
12.09  -0.930963  0.2674
12.1  -0.934288  0.268355
12.11  -0.937422  0.269255
12.12  -0.940363  0.2701
12.13  -0.943112  0.270889
12.14  -0.945668  0.271623
12.15  -0.948029  0.272302
12.16  -0.950197  0.272924
12.17  -0.95217  0.273491
12.18  -0.953947  0.274001
12.19  -0.955529  0.274456
12.2  -0.956916  0.274854
12.21  -0.958106  0.275196
12.22  -0.9591  0.275481
12.23  -0.959897  0.27571
12.24  -0.960498  0.275883
12.25  -0.960902  0.275999
12.26  -0.961109  0.276058
12.27  -0.961119  0.276061
12.28  -0.960931  0.276008
12.29  -0.960548  0.275897
12.3  -0.959967  0.27573
12.31  -0.959189  0.275507
12.32  -0.958215  0.275227
12.33  -0.957045  0.274891
12.34  -0.955678  0.274499
12.35  -0.954116  0.27405
12.36  -0.952358  0.273545
12.37  -0.950405  0.272984
12.38  -0.948257  0.272367
12.39  -0.945915  0.271694
12.4  -0.943379  0.270966
12.41  -0.94065  0.270182
12.42  -0.937728  0.269343
12.43  -0.934613  0.268448
12.44  -0.931308  0.267499
12.45  -0.927811  0.266494
12.46  -0.924124  0.265435
12.47  -0.920248  0.264322
12.48  -0.916183  0.263155
12.49  -0.911931  0.261933
12.5  -0.907492  0.260658
12.51  -0.902866  0.25933
12.52  -0.898056  0.257948
12.53  -0.893062  0.256513
12.54  -0.887884  0.255026
12.55  -0.882525  0.253487
12.56  -0.876985  0.251896
12.57  -0.871265  0.250253
12.58  -0.865367  0.248559
12.59  -0.859291  0.246813
12.6  -0.853039  0.245018
12.61  -0.846612  0.243172
12.62  -0.840012  0.241276
12.63  -0.83324  0.239331
12.64  -0.826297  0.237337
12.65  -0.819185  0.235294
12.66  -0.811904  0.233203
12.67  -0.804458  0.231064
12.68  -0.796846  0.228877
12.69  -0.789072  0.226644
12.7  -0.781135  0.224365
12.71  -0.773039  0.222039
12.72  -0.764784  0.219668
12.73  -0.756372  0.217252
12.74  -0.747805  0.214791
12.75  -0.739085  0.212287
12.76  -0.730214  0.209739
12.77  -0.721193  0.207148
12.78  -0.712024  0.204514
12.79  -0.702709  0.201839
12.8  -0.693251  0.199122
12.81  -0.68365  0.196364
12.82  -0.673909  0.193566
12.83  -0.66403  0.190729
12.84  -0.654015  0.187852
12.85  -0.643866  0.184937
12.86  -0.633585  0.181984
12.87  -0.623174  0.178994
12.88  -0.612636  0.175967
12.89  -0.601971  0.172904
12.9  -0.591184  0.169805
12.91  -0.580275  0.166672
12.92  -0.569248  0.163505
12.93  -0.558104  0.160304
12.94  -0.546845  0.15707
12.95  -0.535475  0.153804
12.96  -0.523994  0.150506
12.97  -0.512406  0.147178
12.98  -0.500714  0.14382
12.99  -0.488918  0.140432
13  -0.477023  0.137015
13.01  -0.46503  0.13357
13.02  -0.452941  0.130098
13.03  -0.44076  0.126599
13.04  -0.428488  0.123074
13.05  -0.416128  0.119524
13.06  -0.403684  0.11595
13.07  -0.391156  0.112351
13.08  -0.378548  0.10873
13.09  -0.365863  0.105087
13.1  -0.353103  0.101421
13.11  -0.34027  0.0977356
13.12  -0.327368  0.0940296
13.13  -0.314399  0.0903044
13.14  -0.301365  0.0865607
13.15  -0.288269  0.0827993
13.16  -0.275114  0.0790209
13.17  -0.261903  0.0752263
13.18  -0.248639  0.0714163
13.19  -0.235323  0.0675916
13.2  -0.221959  0.0637531
13.21  -0.20855  0.0599016
13.22  -0.195098  0.0560377
13.23  -0.181606  0.0521624
13.24  -0.168076  0.0482764
13.25  -0.154513  0.0443805
13.26  -0.140917  0.0404755
13.27  -0.127293  0.0365622
13.28  -0.113642  0.0326414
13.29  -0.0999688  0.028714
13.3  -0.0862747  0.0247806
13.31  -0.0725628  0.0208422
13.32  -0.0588361  0.0168995
13.33  -0.0450974  0.0129533
13.34  -0.0313494  0.00900445
13.35  -0.0175949  0.00505378
13.36  -0.00383692  0.00110208
13.37  0.00992189  -0.00284986
13.38  0.0236787  -0.00680121
13.39  0.0374306  -0.0107512
13.4  0.0511749  -0.0146989
13.41  0.0649086  -0.0186437
13.42  0.0786291  -0.0225846
13.43  0.0923335  -0.0265209
13.44  0.106019  -0.0304517
13.45  0.119683  -0.0343763
13.46  0.133322  -0.0382939
13.47  0.146934  -0.0422036
13.48  0.160515  -0.0461047
13.49  0.174064  -0.0499963
13.5  0.187577  -0.0538777
13.51  0.201052  -0.0577481
13.52  0.214486  -0.0616066
13.53  0.227875  -0.0654524
13.54  0.241218  -0.0692849
13.55  0.254512  -0.0731032
13.56  0.267753  -0.0769065
13.57  0.280939  -0.080694
13.58  0.294068  -0.084465
13.59  0.307137  -0.0882187
13.6  0.320143  -0.0919543
13.61  0.333083  -0.0956711
13.62  0.345954  -0.0993682
13.63  0.358755  -0.103045
13.64  0.371483  -0.106701
13.65  0.384134  -0.110334
13.66  0.396707  -0.113946
13.67  0.409198  -0.117534
13.68  0.421605  -0.121097
13.69  0.433926  -0.124636
13.7  0.446158  -0.12815
13.71  0.458299  -0.131637
13.72  0.470346  -0.135097
13.73  0.482296  -0.138529
13.74  0.494148  -0.141934
13.75  0.505898  -0.145309
13.76  0.517544  -0.148654
13.77  0.529085  -0.151969
13.78  0.540517  -0.155252
13.79  0.551838  -0.158504
13.8  0.563047  -0.161723
13.81  0.574139  -0.16491
13.82  0.585115  -0.168062
13.83  0.59597  -0.17118
13.84  0.606703  -0.174263
13.85  0.617312  -0.17731
13.86  0.627794  -0.180321
13.87  0.638148  -0.183295
13.88  0.648371  -0.186231
13.89  0.658461  -0.189129
13.9  0.668416  -0.191989
13.91  0.678234  -0.194809
13.92  0.687913  -0.197589
13.93  0.697452  -0.200328
13.94  0.706847  -0.203027
13.95  0.716097  -0.205684
13.96  0.725201  -0.208299
13.97  0.734156  -0.210871
13.98  0.742961  -0.2134
13.99  0.751613  -0.215885
14  0.760111  -0.218326
14.01  0.768454  -0.220722
14.02  0.776639  -0.223073
14.03  0.784665  -0.225379
14.04  0.79253  -0.227638
14.05  0.800233  -0.22985
14.06  0.807772  -0.232016
14.07  0.815145  -0.234133
14.08  0.822351  -0.236203
14.09  0.829389  -0.238225
14.1  0.836256  -0.240197
14.11  0.842953  -0.242121
14.12  0.849476  -0.243994
14.13  0.855826  -0.245818
14.14  0.862  -0.247591
14.15  0.867997  -0.249314
14.16  0.873817  -0.250986
14.17  0.879457  -0.252606
14.18  0.884918  -0.254174
14.19  0.890197  -0.25569
14.2  0.895293  -0.257154
14.21  0.900206  -0.258565
14.22  0.904935  -0.259924
14.23  0.909478  -0.261229
14.24  0.913835  -0.26248
14.25  0.918004  -0.263678
14.26  0.921986  -0.264821
14.27  0.925778  -0.26591
14.28  0.929381  -0.266945
14.29  0.932793  -0.267925
14.3  0.936014  -0.268851
14.31  0.939044  -0.269721
14.32  0.941881  -0.270536
14.33  0.944524  -0.271295
14.34  0.946975  -0.271999
14.35  0.949231  -0.272647
14.36  0.951293  -0.273239
14.37  0.95316  -0.273775
14.38  0.954831  -0.274255
14.39  0.956307  -0.274679
14.4  0.957587  -0.275047
14.41  0.95867  -0.275358
14.42  0.959557  -0.275613
14.43  0.960248  -0.275811
14.44  0.960742  -0.275953
14.45  0.961038  -0.276038
14.46  0.961138  -0.276067
14.47  0.961041  -0.276039
14.48  0.960747  -0.275955
14.49  0.960256  -0.275814
14.5  0.959569  -0.275616
14.51  0.958685  -0.275362
14.52  0.957604  -0.275052
14.53  0.956327  -0.274685
14.54  0.954854  -0.274262
14.55  0.953185  -0.273783
14.56  0.951321  -0.273247
14.57  0.949262  -0.272656
14.58  0.947009  -0.272009
14.59  0.944561  -0.271306
14.6  0.94192  -0.270547
14.61  0.939086  -0.269733
14.62  0.93606  -0.268864
14.63  0.932841  -0.267939
14.64  0.929432  -0.26696
14.65  0.925832  -0.265926
14.66  0.922042  -0.264837
14.67  0.918063  -0.263695
14.68  0.913896  -0.262498
14.69  0.909542  -0.261247
14.7  0.905002  -0.259943
14.71  0.900276  -0.258586
14.72  0.895366  -0.257175
14.73  0.890272  -0.255712
14.74  0.884995  -0.254196
14.75  0.879538  -0.252629
14.76  0.8739  -0.251009
14.77  0.868083  -0.249339
14.78  0.862088  -0.247617
14.79  0.855916  -0.245844
14.8  0.849569  -0.244021
14.81  0.843048  -0.242148
14.82  0.836354  -0.240225
14.83  0.829489  -0.238253
14.84  0.822454  -0.236233
14.85  0.81525  -0.234164
14.86  0.807879  -0.232047
14.87  0.800343  -0.229882
14.88  0.792643  -0.22767
14.89  0.78478  -0.225412
14.9  0.776756  -0.223107
14.91  0.768573  -0.220757
14.92  0.760233  -0.218361
14.93  0.751737  -0.215921
14.94  0.743087  -0.213436
14.95  0.734284  -0.210908
14.96  0.725332  -0.208336
14.97  0.71623  -0.205722
14.98  0.706982  -0.203066
14.99  0.697589  -0.200368
15  0.688052  -0.197629
15.01  0.678375  -0.194849
15.02  0.668559  -0.19203
15.03  0.658606  -0.189171
15.04  0.648518  -0.186273
15.05  0.638297  -0.183337
15.06  0.627945  -0.180364
15.07  0.617465  -0.177354
15.08  0.606858  -0.174307
15.09  0.596126  -0.171225
15.1  0.585273  -0.168107
15.11  0.574299  -0.164955
15.12  0.563208  -0.16177
15.13  0.552001  -0.158551
15.14  0.540682  -0.1553
15.15  0.529251  -0.152016
15.16  0.517712  -0.148702
15.17  0.506067  -0.145357
15.18  0.494318  -0.141983
15.19  0.482468  -0.138579
15.2  0.470519  -0.135147
15.21  0.458474  -0.131687
15.22  0.446335  -0.1282
15.23  0.434104  -0.124687
15.24  0.421784  -0.121149
15.25  0.409378  -0.117585
15.26  0.396888  -0.113998
15.27  0.384316  -0.110387
15.28  0.371666  -0.106753
15.29  0.35894  -0.103098
15.3  0.34614  -0.0994215
15.31  0.333269  -0.0957247
15.32  0.32033  -0.0920082
15.33  0.307326  -0.0882728
15.34  0.294258  -0.0845194
15.35  0.28113  -0.0807487
15.36  0.267944  -0.0769614
15.37  0.254704  -0.0731583
15.38  0.241411  -0.0693402
15.39  0.228069  -0.065508
15.4  0.21468  -0.0616623
15.41  0.201247  -0.0578039
15.42  0.187773  -0.0539338
15.43  0.17426  -0.0500525
15.44  0.160712  -0.0461611
15.45  0.14713  -0.0422601
15.46  0.133519  -0.0383505
15.47  0.11988  -0.034433
15.48  0.106217  -0.0305085
15.49  0.0925315  -0.0265778
15.5  0.0788274  -0.0226415
15.51  0.0651072  -0.0187007
15.52  0.0513736  -0.014756
15.53  0.0376295  -0.0108083
15.54  0.0238776  -0.00685835
15.55  0.0101209  -0.00290701
15.56  -0.00363791  0.00104492
15.57  -0.017396  0.00499663
15.58  -0.0311505  0.00894732
15.59  -0.0448986  0.0128962
15.6  -0.0586375  0.0168424
15.61  -0.0723644  0.0207852
15.62  -0.0860764  0.0247237
15.63  -0.0997709  0.0286571
15.64  -0.113445  0.0325847
15.65  -0.127096  0.0365056
15.66  -0.14072  0.040419
15.67  -0.154316  0.0443241
15.68  -0.16788  0.0482201
15.69  -0.18141  0.0521063
15.7  -0.194903  0.0559818
15.71  -0.208356  0.0598458
15.72  -0.221766  0.0636975
15.73  -0.23513  0.0675362
15.74  -0.248446  0.0713611
15.75  -0.261712  0.0751713
15.76  -0.274924  0.0789661
15.77  -0.288079  0.0827448
15.78  -0.301176  0.0865065
15.79  -0.314211  0.0902504
15.8  -0.327181  0.0939759
15.81  -0.340084  0.0976821
15.82  -0.352918  0.101368
15.83  -0.365679  0.105034
15.84  -0.378365  0.108678
15.85  -0.390974  0.112299
15.86  -0.403503  0.115898
15.87  -0.415949  0.119473
15.88  -0.42831  0.123023
15.89  -0.440583  0.126548
15.9  -0.452765  0.130047
15.91  -0.464855  0.13352
15.92  -0.47685  0.136965
15.93  -0.488747  0.140382
15.94  -0.500544  0.143771
15.95  -0.512238  0.14713
15.96  -0.523827  0.150458
15.97  -0.535309  0.153756
15.98  -0.546681  0.157023
15.99  -0.557942  0.160257
16  -0.569088  0.163459
16.01  -0.580117  0.166626
16.02  -0.591027  0.16976
16.03  -0.601816  0.172859
16.04  -0.612482  0.175923
16.05  -0.623023  0.17895
16.06  -0.633435  0.181941
16.07  -0.643718  0.184895
16.08  -0.653869  0.18781
16.09  -0.663886  0.190687
16.1  -0.673767  0.193526
16.11  -0.68351  0.196324
16.12  -0.693113  0.199082
16.13  -0.702574  0.2018
16.14  -0.71189  0.204476
16.15  -0.721061  0.20711
16.16  -0.730085  0.209702
16.17  -0.738958  0.21225
16.18  -0.74768  0.214756
16.19  -0.756249  0.217217
16.2  -0.764663  0.219634
16.21  -0.77292  0.222005
16.22  -0.781019  0.224331
16.23  -0.788958  0.226612
16.24  -0.796735  0.228846
16.25  -0.804349  0.231032
16.26  -0.811798  0.233172
16.27  -0.819081  0.235264
16.28  -0.826195  0.237307
16.29  -0.833141  0.239302
16.3  -0.839916  0.241248
16.31  -0.846518  0.243145
16.32  -0.852947  0.244991
16.33  -0.859202  0.246788
16.34  -0.86528  0.248534
16.35  -0.871181  0.250229
16.36  -0.876904  0.251872
16.37  -0.882446  0.253464
16.38  -0.887808  0.255004
16.39  -0.892988  0.256492
16.4  -0.897985  0.257928
16.41  -0.902798  0.25931
16.42  -0.907426  0.260639
16.43  -0.911868  0.261915
16.44  -0.916123  0.263137
16.45  -0.920191  0.264306
16.46  -0.92407  0.26542
16.47  -0.927759  0.266479
16.48  -0.931258  0.267485
16.49  -0.934567  0.268435
16.5  -0.937684  0.26933
16.51  -0.940609  0.27017
16.52  -0.943341  0.270955
16.53  -0.94588  0.271684
16.54  -0.948225  0.272358
16.55  -0.950375  0.272975
16.56  -0.952331  0.273537
16.57  -0.954092  0.274043
16.58  -0.955657  0.274493
16.59  -0.957026  0.274886
16.6  -0.9582  0.275223
16.61  -0.959177  0.275503
16.62  -0.959957  0.275728
16.63  -0.960541  0.275895
16.64  -0.960927  0.276006
16.65  -0.961117  0.276061
16.66  -0.96111  0.276059
16.67  -0.960906  0.276
16.68  -0.960505  0.275885
16.69  -0.959907  0.275713
16.7  -0.959113  0.275485
16.71  -0.958122  0.2752
16.72  -0.956934  0.274859
16.73  -0.955551  0.274462
16.74  -0.953972  0.274008
16.75  -0.952197  0.273499
16.76  -0.950227  0.272933
16.77  -0.948062  0.272311
16.78  -0.945703  0.271634
16.79  -0.94315  0.2709
16.8  -0.940404  0.270112
16.81  -0.937466  0.269267
16.82  -0.934335  0.268368
16.83  -0.931013  0.267414
16.84  -0.927499  0.266405
16.85  -0.923796  0.265341
16.86  -0.919904  0.264223
16.87  -0.915823  0.263051
16.88  -0.911554  0.261825
16.89  -0.907099  0.260545
16.9  -0.902457  0.259212
16.91  -0.897631  0.257826
16.92  -0.892621  0.256387
16.93  -0.887428  0.254895
16.94  -0.882053  0.253351
16.95  -0.876497  0.251756
16.96  -0.870762  0.250108
16.97  -0.864848  0.24841
16.98  -0.858757  0.24666
16.99  -0.85249  0.24486
17  -0.846048  0.24301
17.01  -0.839433  0.24111
17.02  -0.832646  0.23916
17.03  -0.825688  0.237162
17.04  -0.818561  0.235115
17.05  -0.811267  0.233019
17.06  -0.803806  0.230876
17.07  -0.79618  0.228686
17.08  -0.788391  0.226449
17.09  -0.780441  0.224165
17.1  -0.77233  0.221836
17.11  -0.764062  0.219461
17.12  -0.755637  0.217041
17.13  -0.747057  0.214576
17.14  -0.738324  0.212068
17.15  -0.729439  0.209516
17.16  -0.720405  0.206921
17.17  -0.711224  0.204284
17.18  -0.701897  0.201605
17.19  -0.692425  0.198885
17.2  -0.682813  0.196124
17.21  -0.67306  0.193322
17.22  -0.663169  0.190481
17.23  -0.653142  0.187601
17.24  -0.642981  0.184683
17.25  -0.632689  0.181727
17.26  -0.622267  0.178733
17.27  -0.611718  0.175703
17.28  -0.601043  0.172637
17.29  -0.590245  0.169535
17.3  -0.579326  0.166399
17.31  -0.568288  0.163229
17.32  -0.557134  0.160025
17.33  -0.545866  0.156788
17.34  -0.534485  0.15352
17.35  -0.522996  0.15022
17.36  -0.511399  0.146889
17.37  -0.499697  0.143528
17.38  -0.487893  0.140137
17.39  -0.475989  0.136718
17.4  -0.463987  0.133271
17.41  -0.45189  0.129796
17.42  -0.439701  0.126295
17.43  -0.427422  0.122768
17.44  -0.415055  0.119216
17.45  -0.402603  0.115639
17.46  -0.390068  0.112039
17.47  -0.377454  0.108416
17.48  -0.364762  0.10477
17.49  -0.351995  0.101103
17.5  -0.339156  0.0974156
17.51  -0.326248  0.093708
17.52  -0.313273  0.0899812
17.53  -0.300234  0.0862359
17.54  -0.287133  0.082473
17.55  -0.273973  0.0786931
17.56  -0.260758  0.0748972
17.57  -0.247488  0.0710859
17.58  -0.234168  0.06726
17.59  -0.2208  0.0634203
17.6  -0.207387  0.0595677
17.61  -0.193932  0.0557028
17.62  -0.180436  0.0518265
17.63  -0.166904  0.0479396
17.64  -0.153337  0.0440429
17.65  -0.139739  0.0401372
17.66  -0.126113  0.0362232
17.67  -0.11246  0.0323018
17.68  -0.0987845  0.0283738
17.69  -0.0850887  0.02444
17.7  -0.0713755  0.0205011
17.71  -0.0576476  0.0165581
17.72  -0.0439079  0.0126116
17.73  -0.0301593  0.00866262
17.74  -0.0164044  0.00471183
17.75  -0.00264622  0.000760072
17.76  0.0111125  -0.00319184
17.77  0.024869  -0.0071431
17.78  0.0386204  -0.0110929
17.79  0.0523638  -0.0150404
17.8  0.0660966  -0.0189849
17.81  0.0798158  -0.0229254
17.82  0.0935186  -0.0268613
17.83  0.107202  -0.0307916
17.84  0.120864  -0.0347157
17.85  0.134501  -0.0386326
17.86  0.14811  -0.0425416
17.87  0.161689  -0.0464419
17.88  0.175235  -0.0503326
17.89  0.188745  -0.0542131
17.9  0.202216  -0.0580824
17.91  0.215646  -0.0619399
17.92  0.229032  -0.0657846
17.93  0.242371  -0.0696159
17.94  0.25566  -0.0734329
17.95  0.268896  -0.0772349
17.96  0.282078  -0.081021
17.97  0.295202  -0.0847905
17.98  0.308265  -0.0885427
17.99  0.321265  -0.0922767
18  0.334199  -0.0959918
18.01  0.347065  -0.0996872
18.02  0.35986  -0.103362
18.03  0.372581  -0.107016
18.04  0.385225  -0.110648
18.05  0.397791  -0.114257
18.06  0.410275  -0.117843
18.07  0.422675  -0.121405
18.08  0.434988  -0.124941
18.09  0.447213  -0.128453
18.1  0.459345  -0.131937
18.11  0.471384  -0.135395
18.12  0.483326  -0.138825
18.13  0.495168  -0.142227
18.14  0.50691  -0.145599
18.15  0.518547  -0.148942
18.16  0.530079  -0.152254
18.17  0.541501  -0.155535
18.18  0.552813  -0.158784
18.19  0.564011  -0.162
18.2  0.575094  -0.165184
18.21  0.586059  -0.168333
18.22  0.596904  -0.171448
18.23  0.607626  -0.174528
18.24  0.618224  -0.177572
18.25  0.628696  -0.18058
18.26  0.639038  -0.18355
18.27  0.649249  -0.186483
18.28  0.659328  -0.189378
18.29  0.669271  -0.192234
18.3  0.679077  -0.195051
18.31  0.688745  -0.197828
18.32  0.69827  -0.200564
18.33  0.707653  -0.203259
18.34  0.716891  -0.205912
18.35  0.725982  -0.208523
18.36  0.734924  -0.211092
18.37  0.743715  -0.213617
18.38  0.752355  -0.216098
18.39  0.76084  -0.218535
18.4  0.769169  -0.220928
18.41  0.77734  -0.223275
18.42  0.785352  -0.225576
18.43  0.793203  -0.227831
18.44  0.800892  -0.230039
18.45  0.808416  -0.232201
18.46  0.815775  -0.234314
18.47  0.822967  -0.23638
18.48  0.82999  -0.238397
18.49  0.836843  -0.240366
18.5  0.843524  -0.242285
18.51  0.850033  -0.244154
18.52  0.856367  -0.245974
18.53  0.862526  -0.247743
18.54  0.868508  -0.249461
18.55  0.874312  -0.251128
18.56  0.879937  -0.252744
18.57  0.885382  -0.254307
18.58  0.890645  -0.255819
18.59  0.895726  -0.257279
18.6  0.900623  -0.258685
18.61  0.905335  -0.260039
18.62  0.909862  -0.261339
18.63  0.914203  -0.262586
18.64  0.918356  -0.263779
18.65  0.922321  -0.264918
18.66  0.926098  -0.266002
18.67  0.929684  -0.267032
18.68  0.93308  -0.268008
18.69  0.936284  -0.268928
18.7  0.939297  -0.269793
18.71  0.942117  -0.270603
18.72  0.944744  -0.271358
18.73  0.947178  -0.272057
18.74  0.949417  -0.2727
18.75  0.951462  -0.273288
18.76  0.953312  -0.273819
18.77  0.954967  -0.274294
18.78  0.956425  -0.274713
18.79  0.957688  -0.275076
18.8  0.958755  -0.275382
18.81  0.959625  -0.275632
18.82  0.960298  -0.275826
18.83  0.960775  -0.275963
18.84  0.961055  -0.276043
18.85  0.961138  -0.276067
18.86  0.961024  -0.276034
18.87  0.960713  -0.275945
18.88  0.960205  -0.275799
18.89  0.9595  -0.275596
18.9  0.958599  -0.275338
18.91  0.957501  -0.275022
18.92  0.956207  -0.274651
18.93  0.954717  -0.274223
18.94  0.953032  -0.273738
18.95  0.951151  -0.273198
18.96  0.949075  -0.272602
18.97  0.946805  -0.27195
18.98  0.94434  -0.271242
18.99  0.941683  -0.270479
