0.1  -0.00150274  0.00859396
0.2  -0.00555978  0.0318001
0.3  -0.0116635  0.0667665
0.4  -0.0193538  0.110908
0.5  -0.0282174  0.161894
0.6  -0.0378876  0.217646
0.7  -0.048043  0.276328
0.8  -0.0584061  0.336341
0.9  -0.0687411  0.396316
1  -0.0788513  0.455103
1.1  -0.0885763  0.511754
1.2  -0.0977884  0.565509
1.3  -0.10639  0.615779
1.4  -0.114307  0.662129
1.5  -0.121493  0.704253
1.6  -0.127914  0.741963
1.7  -0.133557  0.775164
1.8  -0.138421  0.803843
1.9  -0.142513  0.828047
2  -0.14585  0.847875
2.1  -0.148455  0.863461
2.2  -0.150355  0.874963
2.3  -0.151578  0.882559
2.4  -0.152156  0.886433
2.5  -0.152119  0.886774
2.6  -0.1515  0.883768
2.7  -0.150329  0.877598
2.8  -0.148636  0.868438
2.9  -0.146449  0.856458
3  -0.143795  0.841814
3.1  -0.140701  0.824658
3.2  -0.13719  0.80513
3.3  -0.133288  0.783366
3.4  -0.129017  0.759493
3.5  -0.124397  0.733632
3.6  -0.119451  0.705901
3.7  -0.114199  0.676413
3.8  -0.108661  0.645278
3.9  -0.102857  0.612605
4  -0.0968056  0.578499
4.1  -0.090526  0.543066
4.2  -0.084037  0.506408
4.3  -0.0773572  0.468629
4.4  -0.0705049  0.42983
4.5  -0.0634982  0.390112
4.6  -0.0563547  0.349574
4.7  -0.0490921  0.308315
4.8  -0.0417274  0.266431
4.9  -0.0342775  0.224016
5  -0.0267588  0.181163
5.1  -0.0191874  0.137964
5.2  -0.0115788  0.0945074
5.3  -0.00394832  0.0508787
5.4  0.00368925  0.00716267
5.5  0.0113195  -0.0365589
5.6  0.0189283  -0.080206
5.7  0.026502  -0.123701
5.8  0.0340272  -0.166967
5.9  0.0414907  -0.209929
6  0.0488797  -0.252515
6.1  0.0561816  -0.294652
6.2  0.0633836  -0.336268
6.3  0.0704735  -0.377293
6.4  0.0774389  -0.417655
6.5  0.0842676  -0.457284
6.6  0.0909473  -0.49611
6.7  0.097466  -0.534063
6.8  0.103811  -0.571071
6.9  0.109971  -0.607065
7  0.115934  -0.641974
7.1  0.121687  -0.675728
7.2  0.127219  -0.708257
7.3  0.132518  -0.739492
7.4  0.137573  -0.769363
7.5  0.142372  -0.797805
7.6  0.146903  -0.824751
7.7  0.151157  -0.850136
7.8  0.155124  -0.873901
7.9  0.158792  -0.895984
8  0.162154  -0.916332
8.1  0.1652  -0.93489
8.2  0.167923  -0.95161
8.3  0.170314  -0.966447
8.4  0.172368  -0.97936
8.5  0.174078  -0.990314
8.6  0.175439  -0.999276
8.7  0.176447  -1.00622
8.8  0.177099  -1.01113
8.9  0.177392  -1.01398
9  0.177325  -1.01476
9.1  0.176896  -1.01347
9.2  0.176107  -1.0101
9.3  0.174957  -1.00467
9.4  0.173448  -0.997173
9.5  0.171583  -0.987629
9.6  0.169366  -0.976054
9.7  0.166801  -0.962473
9.8  0.163892  -0.946911
9.9  0.160646  -0.929399
10  0.157068  -0.909973
10.1  0.153166  -0.88867
10.2  0.148948  -0.865534
10.3  0.144421  -0.840609
10.4  0.139595  -0.813946
10.5  0.134479  -0.785596
10.6  0.129083  -0.755616
10.7  0.123418  -0.724063
10.8  0.117496  -0.691
10.9  0.111327  -0.656492
11  0.104925  -0.620607
11.1  0.0983016  -0.583415
11.2  0.0914704  -0.54499
11.3  0.0844452  -0.505409
11.4  0.0772402  -0.464751
11.5  0.0698701  -0.423099
11.6  0.0623501  -0.380537
11.7  0.0546958  -0.337153
11.8  0.0469231  -0.293037
11.9  0.0390483  -0.248281
12  0.0310881  -0.20298
12.1  0.0230595  -0.157231
12.2  0.0149797  -0.111131
12.3  0.00686628  -0.0647817
12.4  -0.00126321  -0.0182831
12.5  -0.00939098  0.0282626
12.6  -0.0174992  0.0747526
12.7  -0.02557  0.121084
12.8  -0.0335855  0.167154
12.9  -0.0415282  0.212861
13  -0.0493803  0.258101
13.1  -0.0571245  0.302776
13.2  -0.0647438  0.346786
13.3  -0.0722214  0.390033
13.4  -0.0795408  0.432423
13.5  -0.0866861  0.473862
13.6  -0.0936416  0.514259
13.7  -0.100392  0.553529
13.8  -0.106924  0.591585
13.9  -0.113222  0.628346
14  -0.119273  0.663735
14.1  -0.125064  0.697675
14.2  -0.130583  0.730095
14.3  -0.135818  0.760926
14.4  -0.140759  0.790105
14.5  -0.145393  0.817568
14.6  -0.149712  0.843257
14.7  -0.153707  0.867118
14.8  -0.157367  0.8891
14.9  -0.160686  0.909153
15  -0.163656  0.927233
15.1  -0.166269  0.943299
15.2  -0.16852  0.957314
15.3  -0.170404  0.969244
15.4  -0.171915  0.979059
15.5  -0.173049  0.986733
15.6  -0.173803  0.992246
15.7  -0.174175  0.99558
15.8  -0.174162  0.996724
15.9  -0.173764  0.995672
16  -0.172982  0.992422
16.1  -0.171815  0.986979
16.2  -0.170267  0.979351
16.3  -0.16834  0.969557
16.4  -0.166038  0.957616
16.5  -0.163366  0.943556
16.6  -0.16033  0.927411
16.7  -0.156937  0.909219
16.8  -0.153194  0.889025
16.9  -0.149111  0.866877
17  -0.144696  0.842829
17.1  -0.139959  0.816938
17.2  -0.134912  0.789265
17.3  -0.129566  0.759873
17.4  -0.123932  0.72883
17.5  -0.118022  0.696204
17.6  -0.11185  0.662065
17.7  -0.105428  0.626485
17.8  -0.0987688  0.589538
17.9  -0.0918867  0.5513
18  -0.0847954  0.511847
18.1  -0.0775092  0.471261
18.2  -0.0700432  0.429625
18.3  -0.0624128  0.387026
18.4  -0.0546341  0.343556
18.5  -0.0467241  0.299312
18.6  -0.0387006  0.254396
18.7  -0.0305819  0.208917
18.8  -0.0223872  0.162986
18.9  -0.0141361  0.116718
19  -0.0058484  0.0702304
19.1  0.00245646  0.0236372
19.2  0.0107596  -0.0229521
19.3  0.0190436  -0.0694364
19.4  0.0272922  -0.115726
19.5  0.0354914  -0.161741
19.6  0.0436282  -0.20741
19.7  0.0516896  -0.25266
19.8  0.0596597  -0.297389
19.9  0.0675145  -0.341432
20  0.0752133  -0.384496
20.1  0.0826856  -0.426059
20.2  0.0898111  -0.465222
20.3  0.0963909  -0.5005
20.4  0.102106  -0.529513
20.5  0.106463  -0.548573
20.6  0.108713  -0.552114
20.7  0.107748  -0.531917
20.8  0.101964  -0.4761
20.9  0.0890781  -0.367776
21  0.0658875  -0.18331
21.1  0.0279656  0.109924
21.2  -0.0307319  0.556411
21.3  -0.118367  1.21615
21.4  -0.245847  2.16923
21.5  -0.427621  3.52164
21.6  -0.682655  5.41238
21.7  -1.03567  8.02244
21.8  -1.51862  11.5857
21.9  -2.17258  16.4025
22  -3.05  22.8561
22.1  -4.21742  31.4324
22.2  -5.75887  42.7448
22.3  -7.77987  57.5632
22.4  -10.4123  76.8491
22.5  -13.8201  101.798
22.6  -18.2066  133.891
22.7  -23.8224  174.953
22.8  -30.9753  227.227
22.9  -40.0424  293.454
23  -51.4831  376.982
23.1  -65.8564  481.873
23.2  -83.8391  613.052
23.3  -106.249  776.462
23.4  -134.07  979.26
23.5  -168.485  1230.04
23.6  -210.909  1539.07
23.7  -263.031  1918.65
23.8  -326.865  2383.38
23.9  -404.802  2950.64
24  -499.678  3641.01
24.1  -614.844  4478.82
24.2  -754.255  5492.78
24.3  -922.569  6716.7
24.4  -1125.26  8190.26
24.5  -1368.73  9960.02
24.6  -1660.5  12080.4
24.7  -2009.34  14615.1
24.8  -2425.46  17638.2
24.9  -2920.76  21235.9
25  -3509.06  25508.5
25.1  -4206.39  30572.2
25.2  -5031.29  36561.4
25.3  -6005.22  43631.7
25.4  -7152.93  51962.6
25.5  -8502.94  61760.7
25.6  -10088.1  73263.9
25.7  -11946  86745.6
25.8  -14120.1  102519
25.9  -16659.8  120944
26  -19621.9  142431
26.1  -23071.2  167450
26.2  -27081.7  196536
26.3  -31737.6  230301
26.4  -37135  269440
26.5  -43382.9  314743
26.6  -50605.2  367107
26.7  -58942.6  427552
26.8  -68554.2  497230
26.9  -79620.4  577448
27  -92345  669681
27.1  -106958  775597
27.2  -123719  897076
27.3  -142922  1.03624e+06
27.4  -164894  1.19547e+06
27.5  -190008  1.37745e+06
27.6  -218679  1.58521e+06
27.7  -251376  1.82212e+06
27.8  -288622  2.09199e+06
27.9  -331005  2.39906e+06
28  -379185  2.74812e+06
28.1  -433896  3.14447e+06
28.2  -495961  3.5941e+06
28.3  -566299  4.10364e+06
28.4  -645936  4.68051e+06
28.5  -736014  5.333e+06
28.6  -837807  6.07033e+06
28.7  -952731  6.90274e+06
28.8  -1.08236e+06  7.84166e+06
28.9  -1.22845e+06  8.89977e+06
29  -1.39295e+06  1.00911e+07
29.1  -1.57801e+06  1.14314e+07
29.2  -1.78602e+06  1.29379e+07
29.3  -2.01965e+06  1.46299e+07
29.4  -2.28182e+06  1.65285e+07
29.5  -2.57579e+06  1.86574e+07
29.6  -2.90514e+06  2.10425e+07
29.7  -3.27386e+06  2.37126e+07
29.8  -3.68633e+06  2.66995e+07
29.9  -4.14738e+06  3.00381e+07
