0.01   -0.0170056  0.00359322
0.02   -0.0338049  0.00714286
0.03   -0.0504216  0.0106539
0.04   -0.0668764  0.0141308
0.05   -0.083187  0.0175772
0.06   -0.0993685  0.0209963
0.07   -0.115433  0.0243907
0.08   -0.131392  0.0277628
0.09   -0.147253  0.0311141
0.1   -0.163023  0.0344462
0.11   -0.178705  0.0377599
0.12   -0.194305  0.041056
0.13   -0.209822  0.0443347
0.14   -0.225257  0.0475961
0.15   -0.24061  0.0508401
0.16   -0.255878  0.0540663
0.17   -0.271059  0.0572739
0.18   -0.286149  0.0604623
0.19   -0.301143  0.0636305
0.2   -0.316036  0.0667774
0.21   -0.330823  0.0699018
0.22   -0.345496  0.0730023
0.23   -0.360051  0.0760776
0.24   -0.374478  0.0791261
0.25   -0.388772  0.0821463
0.26   -0.402924  0.0851366
0.27   -0.416927  0.0880953
0.28   -0.430772  0.0910208
0.29   -0.444452  0.0939113
0.3   -0.457958  0.0967652
0.31   -0.471283  0.0995807
0.32   -0.484418  0.102356
0.33   -0.497355  0.10509
0.34   -0.510087  0.10778
0.35   -0.522604  0.110425
0.36   -0.534901  0.113023
0.37   -0.546968  0.115573
0.38   -0.558798  0.118072
0.39   -0.570385  0.120521
0.4   -0.581721  0.122916
0.41   -0.5928  0.125257
0.42   -0.603613  0.127542
0.43   -0.614157  0.129769
0.44   -0.624423  0.131939
0.45   -0.634406  0.134048
0.46   -0.6441  0.136096
0.47   -0.653501  0.138083
0.48   -0.662602  0.140006
0.49   -0.671399  0.141865
0.5   -0.679887  0.143658
0.51   -0.688062  0.145385
0.52   -0.69592  0.147046
0.53   -0.703456  0.148638
0.54   -0.710668  0.150162
0.55   -0.717551  0.151616
0.56   -0.724102  0.153001
0.57   -0.73032  0.154314
0.58   -0.7362  0.155557
0.59   -0.741741  0.156728
0.6   -0.746941  0.157826
0.61   -0.751797  0.158852
0.62   -0.756308  0.159806
0.63   -0.760473  0.160686
0.64   -0.764289  0.161492
0.65   -0.767757  0.162225
0.66   -0.770875  0.162883
0.67   -0.773642  0.163468
0.68   -0.776059  0.163979
0.69   -0.778124  0.164415
0.7   -0.779839  0.164778
0.71   -0.781202  0.165066
0.72   -0.782214  0.16528
0.73   -0.782877  0.165419
0.74   -0.78319  0.165486
0.75   -0.783153  0.165478
0.76   -0.782769  0.165397
0.77   -0.782039  0.165242
0.78   -0.780962  0.165015
0.79   -0.779542  0.164715
0.8   -0.777779  0.164342
0.81   -0.775675  0.163898
0.82   -0.773232  0.163382
0.83   -0.770452  0.162794
0.84   -0.767336  0.162136
0.85   -0.763888  0.161407
0.86   -0.760109  0.160609
0.87   -0.756002  0.159741
0.88   -0.751569  0.158804
0.89   -0.746813  0.157799
0.9   -0.741736  0.156727
0.91   -0.736343  0.155587
0.92   -0.730634  0.154381
0.93   -0.724614  0.153109
0.94   -0.718286  0.151772
0.95   -0.711652  0.15037
0.96   -0.704716  0.148904
0.97   -0.697482  0.147376
0.98   -0.689953  0.145785
0.99   -0.682133  0.144133
1   -0.674025  0.142419
1.01   -0.665633  0.140646
1.02   -0.65696  0.138814
1.03   -0.648012  0.136923
1.04   -0.638791  0.134975
1.05   -0.629302  0.13297
1.06   -0.619549  0.130909
1.07   -0.609537  0.128793
1.08   -0.599269  0.126624
1.09   -0.588749  0.124401
1.1   -0.577984  0.122126
1.11   -0.566976  0.1198
1.12   -0.55573  0.117424
1.13   -0.544252  0.114999
1.14   -0.532545  0.112525
1.15   -0.520616  0.110005
1.16   -0.508468  0.107438
1.17   -0.496106  0.104826
1.18   -0.483537  0.10217
1.19   -0.470764  0.0994709
1.2   -0.457793  0.0967302
1.21   -0.444629  0.0939487
1.22   -0.431277  0.0911276
1.23   -0.417743  0.0882679
1.24   -0.404033  0.0853709
1.25   -0.390151  0.0824378
1.26   -0.376104  0.0794696
1.27   -0.361896  0.0764676
1.28   -0.347535  0.073433
1.29   -0.333024  0.070367
1.3   -0.318371  0.0672708
1.31   -0.303581  0.0641457
1.32   -0.28866  0.0609929
1.33   -0.273613  0.0578137
1.34   -0.258448  0.0546093
1.35   -0.24317  0.0513811
1.36   -0.227785  0.0481304
1.37   -0.2123  0.0448584
1.38   -0.196721  0.0415665
1.39   -0.181053  0.038256
1.4   -0.165304  0.0349282
1.41   -0.14948  0.0315846
1.42   -0.133587  0.0282264
1.43   -0.117631  0.0248551
1.44   -0.10162  0.021472
1.45   -0.0855596  0.0180785
1.46   -0.0694566  0.014676
1.47   -0.0533177  0.0112659
1.48   -0.0371496  0.00784959
1.49   -0.0209588  0.00442853
1.5   -0.00475214  0.00100411
1.51   0.0114636  -0.00242223
1.52   0.0276817  -0.00584906
1.53   0.0438953  -0.00927494
1.54   0.0600976  -0.0126984
1.55   0.0762818  -0.0161181
1.56   0.0924411  -0.0195325
1.57   0.108568  -0.0229402
1.58   0.124657  -0.0263397
1.59   0.1407  -0.0297296
1.6   0.156691  -0.0331084
1.61   0.172623  -0.0364746
1.62   0.188488  -0.0398269
1.63   0.20428  -0.0431637
1.64   0.219992  -0.0464837
1.65   0.235618  -0.0497854
1.66   0.25115  -0.0530672
1.67   0.266582  -0.0563279
1.68   0.281906  -0.059566
1.69   0.297117  -0.0627799
1.7   0.312207  -0.0659684
1.71   0.32717  -0.06913
1.72   0.341999  -0.0722633
1.73   0.356687  -0.0753669
1.74   0.371228  -0.0784394
1.75   0.385616  -0.0814794
1.76   0.399843  -0.0844856
1.77   0.413903  -0.0874565
1.78   0.427791  -0.0903909
1.79   0.441499  -0.0932875
1.8   0.455022  -0.0961448
1.81   0.468353  -0.0989616
1.82   0.481486  -0.101737
1.83   0.494415  -0.104468
1.84   0.507135  -0.107156
1.85   0.519638  -0.109798
1.86   0.53192  -0.112393
1.87   0.543975  -0.11494
1.88   0.555797  -0.117438
1.89   0.56738  -0.119886
1.9   0.57872  -0.122282
1.91   0.58981  -0.124625
1.92   0.600646  -0.126915
1.93   0.611222  -0.129149
1.94   0.621533  -0.131328
1.95   0.631575  -0.13345
1.96   0.641342  -0.135514
1.97   0.650831  -0.137519
1.98   0.660036  -0.139464
1.99   0.668952  -0.141348
2   0.677577  -0.14317
2.01   0.685904  -0.144929
2.02   0.693931  -0.146626
2.03   0.701654  -0.148257
2.04   0.709068  -0.149824
2.05   0.71617  -0.151325
2.06   0.722957  -0.152759
2.07   0.729425  -0.154125
2.08   0.735571  -0.155424
2.09   0.741391  -0.156654
2.1   0.746884  -0.157814
2.11   0.752045  -0.158905
2.12   0.756873  -0.159925
2.13   0.761366  -0.160874
2.14   0.765519  -0.161752
2.15   0.769333  -0.162558
2.16   0.772804  -0.163291
2.17   0.775931  -0.163952
2.18   0.778712  -0.164539
2.19   0.781145  -0.165054
2.2   0.78323  -0.165494
2.21   0.784965  -0.165861
2.22   0.786348  -0.166153
2.23   0.78738  -0.166371
2.24   0.78806  -0.166515
2.25   0.788387  -0.166584
2.26   0.78836  -0.166578
2.27   0.78798  -0.166498
2.28   0.787246  -0.166343
2.29   0.786159  -0.166113
2.3   0.784719  -0.165809
2.31   0.782927  -0.16543
2.32   0.780783  -0.164977
2.33   0.778288  -0.16445
2.34   0.775443  -0.163849
2.35   0.772249  -0.163174
2.36   0.768708  -0.162426
2.37   0.764821  -0.161604
2.38   0.76059  -0.16071
2.39   0.756017  -0.159744
2.4   0.751103  -0.158706
2.41   0.745852  -0.157596
2.42   0.740265  -0.156416
2.43   0.734344  -0.155165
2.44   0.728093  -0.153844
2.45   0.721515  -0.152454
2.46   0.714612  -0.150995
2.47   0.707387  -0.149469
2.48   0.699844  -0.147875
2.49   0.691987  -0.146215
2.5   0.683818  -0.144489
2.51   0.675342  -0.142698
2.52   0.666562  -0.140843
2.53   0.657484  -0.138924
2.54   0.64811  -0.136944
2.55   0.638445  -0.134901
2.56   0.628493  -0.132799
2.57   0.61826  -0.130637
2.58   0.60775  -0.128416
2.59   0.596968  -0.126138
2.6   0.585919  -0.123803
2.61   0.574608  -0.121413
2.62   0.56304  -0.118969
2.63   0.551221  -0.116471
2.64   0.539156  -0.113922
2.65   0.52685  -0.111322
2.66   0.514311  -0.108672
2.67   0.501542  -0.105974
2.68   0.488551  -0.103229
2.69   0.475343  -0.100439
2.7   0.461925  -0.0976033
2.71   0.448302  -0.0947249
2.72   0.434481  -0.0918046
2.73   0.420469  -0.0888438
2.74   0.406272  -0.0858439
2.75   0.391896  -0.0828064
2.76   0.377348  -0.0797325
2.77   0.362635  -0.0766237
2.78   0.347764  -0.0734814
2.79   0.332741  -0.0703072
2.8   0.317574  -0.0671024
2.81   0.302269  -0.0638686
2.82   0.286834  -0.0606072
2.83   0.271276  -0.0573198
2.84   0.255601  -0.0540078
2.85   0.239818  -0.0506727
2.86   0.223932  -0.0473162
2.87   0.207952  -0.0439397
2.88   0.191885  -0.0405448
2.89   0.175739  -0.037133
2.9   0.159519  -0.0337059
2.91   0.143235  -0.0302651
2.92   0.126893  -0.0268121
2.93   0.110501  -0.0233485
2.94   0.0940659  -0.0198758
2.95   0.0775957  -0.0163957
2.96   0.0610976  -0.0129097
2.97   0.044579  -0.00941941
2.98   0.0280475  -0.00592634
2.99   0.0115104  -0.0024321
3   -0.00502485  0.00106174
3.01   -0.0215508  0.00455361
3.02   -0.03806  0.00804197
3.03   -0.0545452  0.0115252
3.04   -0.070999  0.0150019
3.05   -0.0874141  0.0184703
3.06   -0.103783  0.0219291
3.07   -0.120099  0.0253765
3.08   -0.136354  0.0288113
3.09   -0.152542  0.0322317
3.1   -0.168655  0.0356363
3.11   -0.184686  0.0390237
3.12   -0.200629  0.0423923
3.13   -0.216476  0.0457407
3.14   -0.23222  0.0490673
3.15   -0.247854  0.0523709
3.16   -0.263373  0.0556499
3.17   -0.278768  0.0589029
3.18   -0.294034  0.0621285
3.19   -0.309164  0.0653254
3.2   -0.324151  0.0684922
3.21   -0.33899  0.0716275
3.22   -0.353673  0.07473
3.23   -0.368194  0.0777983
3.24   -0.382548  0.0808313
3.25   -0.396729  0.0838276
3.26   -0.41073  0.086786
3.27   -0.424545  0.0897051
3.28   -0.43817  0.0925839
3.29   -0.451597  0.0954212
3.3   -0.464823  0.0982156
3.31   -0.477841  0.100966
3.32   -0.490645  0.103672
3.33   -0.503232  0.106331
3.34   -0.515595  0.108944
3.35   -0.52773  0.111508
3.36   -0.539632  0.114023
3.37   -0.551296  0.116487
3.38   -0.562717  0.1189
3.39   -0.573891  0.121262
3.4   -0.584815  0.12357
3.41   -0.595482  0.125824
3.42   -0.60589  0.128023
3.43   -0.616034  0.130166
3.44   -0.625911  0.132253
3.45   -0.635516  0.134283
3.46   -0.644847  0.136254
3.47   -0.653899  0.138167
3.48   -0.662669  0.14002
3.49   -0.671155  0.141813
3.5   -0.679353  0.143545
3.51   -0.68726  0.145216
3.52   -0.694873  0.146825
3.53   -0.70219  0.148371
3.54   -0.709208  0.149854
3.55   -0.715926  0.151273
3.56   -0.72234  0.152628
3.57   -0.728448  0.153919
3.58   -0.734249  0.155145
3.59   -0.739741  0.156305
3.6   -0.744923  0.1574
3.61   -0.749791  0.158429
3.62   -0.754346  0.159391
3.63   -0.758587  0.160287
3.64   -0.762511  0.161116
3.65   -0.766118  0.161878
3.66   -0.769407  0.162573
3.67   -0.772377  0.163201
3.68   -0.775029  0.163761
3.69   -0.77736  0.164254
3.7   -0.779373  0.164679
3.71   -0.781065  0.165037
3.72   -0.782437  0.165327
3.73   -0.783489  0.165549
3.74   -0.784222  0.165704
3.75   -0.784636  0.165791
3.76   -0.784731  0.165811
3.77   -0.784508  0.165764
3.78   -0.783968  0.16565
3.79   -0.783112  0.165469
3.8   -0.781941  0.165222
3.81   -0.780456  0.164908
3.82   -0.778658  0.164528
3.83   -0.776548  0.164082
3.84   -0.774129  0.163571
3.85   -0.771402  0.162995
3.86   -0.768369  0.162354
3.87   -0.765032  0.161649
3.88   -0.761392  0.16088
3.89   -0.757451  0.160047
3.9   -0.753213  0.159152
3.91   -0.748679  0.158194
3.92   -0.743852  0.157174
3.93   -0.738735  0.156092
3.94   -0.733329  0.15495
3.95   -0.727639  0.153748
3.96   -0.721666  0.152486
3.97   -0.715414  0.151165
3.98   -0.708885  0.149785
3.99   -0.702084  0.148348
4   -0.695013  0.146854
4.01   -0.687675  0.145304
4.02   -0.680074  0.143698
4.03   -0.672214  0.142037
4.04   -0.664098  0.140322
4.05   -0.65573  0.138554
4.06   -0.647114  0.136733
4.07   -0.638253  0.134861
4.08   -0.629151  0.132938
4.09   -0.619812  0.130964
4.1   -0.610241  0.128942
4.11   -0.600442  0.126872
4.12   -0.590418  0.124754
4.13   -0.580175  0.122589
4.14   -0.569715  0.120379
4.15   -0.559044  0.118124
4.16   -0.548167  0.115826
4.17   -0.537087  0.113485
4.18   -0.525809  0.111102
4.19   -0.514338  0.108678
4.2   -0.502678  0.106214
4.21   -0.490834  0.103712
4.22   -0.478811  0.101171
4.23   -0.466614  0.0985941
4.24   -0.454247  0.0959809
4.25   -0.441715  0.0933329
4.26   -0.429022  0.0906511
4.27   -0.416175  0.0879365
4.28   -0.403178  0.0851902
4.29   -0.390035  0.0824132
4.3   -0.376752  0.0796065
4.31   -0.363333  0.0767712
4.32   -0.349784  0.0739084
4.33   -0.33611  0.071019
4.34   -0.322316  0.0681043
4.35   -0.308406  0.0651652
4.36   -0.294386  0.0622028
4.37   -0.280261  0.0592182
4.38   -0.266035  0.0562124
4.39   -0.251715  0.0531866
4.4   -0.237304  0.0501417
4.41   -0.222809  0.0470789
4.42   -0.208234  0.0439992
4.43   -0.193584  0.0409036
4.44   -0.178864  0.0377933
4.45   -0.164079  0.0346694
4.46   -0.149234  0.0315327
4.47   -0.134335  0.0283846
4.48   -0.119386  0.0252258
4.49   -0.104392  0.0220577
4.5   -0.0893578  0.018881
4.51   -0.074289  0.015697
4.52   -0.05919  0.0125067
4.53   -0.0440659  0.00931098
4.54   -0.0289214  0.006111
4.55   -0.0137613  0.00290772
4.56   0.00140949  -0.000297821
4.57   0.0165863  -0.00350463
4.58   0.0317644  -0.00671172
4.59   0.0469391  -0.00991808
4.6   0.0621057  -0.0131227
4.61   0.0772596  -0.0163247
4.62   0.0923963  -0.0195231
4.63   0.107511  -0.0227168
4.64   0.1226  -0.025905
4.65   0.137658  -0.0290867
4.66   0.152681  -0.032261
4.67   0.167664  -0.0354269
4.68   0.182604  -0.0385837
4.69   0.197496  -0.0417302
4.7   0.212335  -0.0448657
4.71   0.227118  -0.0479894
4.72   0.241841  -0.0511002
4.73   0.256499  -0.0541974
4.74   0.271088  -0.0572801
4.75   0.285605  -0.0603475
4.76   0.300046  -0.0633987
4.77   0.314406  -0.0664331
4.78   0.328683  -0.0694496
4.79   0.342871  -0.0724476
4.8   0.356969  -0.0754264
4.81   0.370971  -0.078385
4.82   0.384875  -0.0813228
4.83   0.398676  -0.0842391
4.84   0.412373  -0.0871331
4.85   0.42596  -0.0900041
4.86   0.439436  -0.0928515
4.87   0.452796  -0.0956744
4.88   0.466038  -0.0984723
4.89   0.479158  -0.101245
4.9   0.492153  -0.10399
4.91   0.505021  -0.106709
4.92   0.517758  -0.109401
4.93   0.530361  -0.112064
4.94   0.542829  -0.114698
4.95   0.555157  -0.117303
4.96   0.567344  -0.119878
4.97   0.579386  -0.122423
4.98   0.591282  -0.124936
4.99   0.603029  -0.127418
5   0.614623  -0.129868
5.01   0.626064  -0.132285
5.02   0.637348  -0.13467
5.03   0.648474  -0.137021
5.04   0.659439  -0.139337
5.05   0.670241  -0.14162
5.06   0.680878  -0.143867
5.07   0.691348  -0.14608
5.08   0.70165  -0.148257
5.09   0.711781  -0.150397
5.1   0.72174  -0.152501
5.11   0.731524  -0.154569
5.12   0.741133  -0.156599
5.13   0.750564  -0.158592
5.14   0.759816  -0.160547
5.15   0.768888  -0.162464
5.16   0.777778  -0.164342
5.17   0.786485  -0.166182
5.18   0.795007  -0.167983
5.19   0.803344  -0.169744
5.2   0.811493  -0.171466
5.21   0.819454  -0.173148
5.22   0.827226  -0.17479
5.23   0.834808  -0.176392
5.24   0.842198  -0.177954
5.25   0.849396  -0.179475
5.26   0.856401  -0.180955
5.27   0.863212  -0.182394
5.28   0.869829  -0.183792
5.29   0.87625  -0.185149
5.3   0.882475  -0.186464
5.31   0.888503  -0.187738
5.32   0.894335  -0.18897
5.33   0.899968  -0.19016
5.34   0.905403  -0.191309
5.35   0.910639  -0.192415
5.36   0.915677  -0.19348
5.37   0.920515  -0.194502
5.38   0.925153  -0.195482
5.39   0.929591  -0.19642
5.4   0.933829  -0.197315
5.41   0.937867  -0.198168
5.42   0.941704  -0.198979
5.43   0.945341  -0.199748
5.44   0.948777  -0.200474
5.45   0.952013  -0.201157
5.46   0.955048  -0.201799
5.47   0.957882  -0.202398
5.48   0.960516  -0.202954
5.49   0.96295  -0.203468
5.5   0.965184  -0.20394
5.51   0.967218  -0.20437
5.52   0.969052  -0.204758
5.53   0.970687  -0.205103
5.54   0.972123  -0.205407
5.55   0.97336  -0.205668
5.56   0.974399  -0.205888
5.57   0.97524  -0.206065
5.58   0.975883  -0.206201
5.59   0.97633  -0.206296
5.6   0.97658  -0.206348
5.61   0.976633  -0.20636
5.62   0.976492  -0.20633
5.63   0.976155  -0.206259
5.64   0.975624  -0.206146
5.65   0.9749  -0.205993
5.66   0.973982  -0.2058
5.67   0.972873  -0.205565
5.68   0.971571  -0.20529
5.69   0.970078  -0.204975
5.7   0.968396  -0.204619
5.71   0.966524  -0.204223
5.72   0.964463  -0.203788
5.73   0.962214  -0.203313
5.74   0.959779  -0.202798
5.75   0.957157  -0.202244
5.76   0.95435  -0.201651
5.77   0.951358  -0.201019
5.78   0.948183  -0.200348
5.79   0.944826  -0.199639
5.8   0.941287  -0.198891
5.81   0.937567  -0.198105
5.82   0.933668  -0.197281
5.83   0.92959  -0.196419
5.84   0.925334  -0.19552
5.85   0.920902  -0.194584
5.86   0.916294  -0.19361
5.87   0.911512  -0.1926
5.88   0.906556  -0.191553
5.89   0.901428  -0.190469
5.9   0.896129  -0.189349
5.91   0.89066  -0.188194
5.92   0.885022  -0.187002
5.93   0.879216  -0.185776
5.94   0.873244  -0.184514
5.95   0.867107  -0.183217
5.96   0.860805  -0.181886
5.97   0.854341  -0.18052
5.98   0.847715  -0.17912
5.99   0.840929  -0.177686
6   0.833984  -0.176218
6.01   0.826881  -0.174717
6.02   0.819621  -0.173183
6.03   0.812207  -0.171617
6.04   0.804638  -0.170018
6.05   0.796918  -0.168386
6.06   0.789046  -0.166723
6.07   0.781025  -0.165028
6.08   0.772855  -0.163302
6.09   0.764539  -0.161545
6.1   0.756077  -0.159757
6.11   0.747472  -0.157938
6.12   0.738724  -0.15609
6.13   0.729835  -0.154212
6.14   0.720806  -0.152304
6.15   0.71164  -0.150367
6.16   0.702338  -0.148402
6.17   0.6929  -0.146408
6.18   0.68333  -0.144386
6.19   0.673628  -0.142336
6.2   0.663796  -0.140258
6.21   0.653835  -0.138153
6.22   0.643748  -0.136022
6.23   0.633536  -0.133864
6.24   0.623201  -0.13168
6.25   0.612744  -0.129471
6.26   0.602167  -0.127236
6.27   0.591472  -0.124976
6.28   0.58066  -0.122692
6.29   0.569734  -0.120383
6.3   0.558695  -0.118051
6.31   0.547545  -0.115695
6.32   0.536286  -0.113316
6.33   0.52492  -0.110914
6.34   0.513449  -0.10849
6.35   0.501874  -0.106044
6.36   0.490197  -0.103577
6.37   0.478421  -0.101089
6.38   0.466548  -0.0985801
6.39   0.454578  -0.096051
6.4   0.442516  -0.0935022
6.41   0.430361  -0.090934
6.42   0.418118  -0.088347
6.43   0.405786  -0.0857414
6.44   0.39337  -0.0831179
6.45   0.38087  -0.0804768
6.46   0.36829  -0.0778185
6.47   0.355631  -0.0751437
6.48   0.342895  -0.0724526
6.49   0.330084  -0.0697458
6.5   0.317202  -0.0670237
6.51   0.304249  -0.0642869
6.52   0.291229  -0.0615358
6.53   0.278144  -0.0587709
6.54   0.264996  -0.0559928
6.55   0.251787  -0.0532017
6.56   0.238519  -0.0503984
6.57   0.225196  -0.0475833
6.58   0.21182  -0.0447569
6.59   0.198393  -0.0419198
6.6   0.184917  -0.0390723
6.61   0.171395  -0.0362152
6.62   0.157829  -0.0333489
6.63   0.144223  -0.0304739
6.64   0.130578  -0.0275908
6.65   0.116897  -0.0247001
6.66   0.103183  -0.0218023
6.67   0.0894388  -0.0188981
6.68   0.0756662  -0.015988
6.69   0.0618681  -0.0130726
6.7   0.0480474  -0.0101523
6.71   0.0342067  -0.00722778
6.72   0.0203487  -0.00429963
6.73   0.00647618  -0.0013684
6.74   -0.00740821  0.00156533
6.75   -0.0213016  0.00450097
6.76   -0.0352014  0.00743794
6.77   -0.0491045  0.0103756
6.78   -0.0630084  0.0133135
6.79   -0.0769101  0.0162509
6.8   -0.0908068  0.0191872
6.81   -0.104696  0.0221219
6.82   -0.118574  0.0250543
6.83   -0.132438  0.0279838
6.84   -0.146286  0.0309099
6.85   -0.160115  0.0338318
6.86   -0.173921  0.036749
6.87   -0.187702  0.0396609
6.88   -0.201455  0.0425669
6.89   -0.215177  0.0454662
6.9   -0.228865  0.0483584
6.91   -0.242515  0.0512427
6.92   -0.256126  0.0541186
6.93   -0.269694  0.0569854
6.94   -0.283215  0.0598425
6.95   -0.296688  0.0626893
6.96   -0.310109  0.0655251
6.97   -0.323475  0.0683493
6.98   -0.336783  0.0711613
6.99   -0.350031  0.0739604
7   -0.363214  0.0767461
7.01   -0.376331  0.0795176
7.02   -0.389378  0.0822744
7.03   -0.402352  0.0850158
7.04   -0.415251  0.0877412
7.05   -0.428071  0.09045
7.06   -0.440809  0.0931416
7.07   -0.453463  0.0958153
7.08   -0.466029  0.0984705
7.09   -0.478505  0.101107
7.1   -0.490888  0.103723
7.11   -0.503174  0.106319
7.12   -0.515361  0.108894
7.13   -0.527446  0.111448
7.14   -0.539427  0.113979
7.15   -0.5513  0.116488
7.16   -0.563062  0.118973
7.17   -0.574711  0.121435
7.18   -0.586244  0.123872
7.19   -0.597659  0.126283
7.2   -0.608952  0.12867
7.21   -0.62012  0.13103
7.22   -0.631162  0.133363
7.23   -0.642074  0.135668
7.24   -0.652854  0.137946
7.25   -0.663499  0.140195
7.26   -0.674007  0.142416
7.27   -0.684375  0.144606
7.28   -0.6946  0.146767
7.29   -0.704681  0.148897
7.3   -0.714614  0.150996
7.31   -0.724397  0.153063
7.32   -0.734029  0.155098
7.33   -0.743506  0.1571
7.34   -0.752826  0.15907
7.35   -0.761987  0.161006
7.36   -0.770987  0.162907
7.37   -0.779824  0.164774
7.38   -0.788495  0.166607
7.39   -0.796999  0.168403
7.4   -0.805333  0.170164
7.41   -0.813495  0.171889
7.42   -0.821484  0.173577
7.43   -0.829297  0.175228
7.44   -0.836933  0.176841
7.45   -0.844389  0.178417
7.46   -0.851665  0.179954
7.47   -0.858758  0.181453
7.48   -0.865667  0.182913
7.49   -0.87239  0.184333
7.5   -0.878925  0.185714
7.51   -0.885272  0.187055
7.52   -0.891428  0.188356
7.53   -0.897392  0.189616
7.54   -0.903163  0.190836
7.55   -0.908739  0.192014
7.56   -0.91412  0.193151
7.57   -0.919304  0.194246
7.58   -0.92429  0.1953
7.59   -0.929076  0.196311
7.6   -0.933663  0.19728
7.61   -0.938049  0.198207
7.62   -0.942232  0.199091
7.63   -0.946213  0.199932
7.64   -0.94999  0.20073
7.65   -0.953563  0.201485
7.66   -0.956931  0.202197
7.67   -0.960094  0.202865
7.68   -0.96305  0.20349
7.69   -0.9658  0.204071
7.7   -0.968342  0.204608
7.71   -0.970678  0.205101
7.72   -0.972805  0.205551
7.73   -0.974725  0.205956
7.74   -0.976436  0.206318
7.75   -0.977939  0.206636
7.76   -0.979234  0.206909
7.77   -0.98032  0.207139
7.78   -0.981198  0.207324
7.79   -0.981867  0.207466
7.8   -0.982328  0.207563
7.81   -0.982582  0.207617
7.82   -0.982627  0.207626
7.83   -0.982465  0.207592
7.84   -0.982096  0.207514
7.85   -0.981521  0.207392
7.86   -0.980739  0.207227
7.87   -0.979751  0.207018
7.88   -0.978559  0.206766
7.89   -0.977162  0.206471
7.9   -0.975561  0.206133
7.91   -0.973757  0.205752
7.92   -0.97175  0.205328
7.93   -0.969542  0.204861
7.94   -0.967134  0.204352
7.95   -0.964525  0.203801
7.96   -0.961718  0.203208
7.97   -0.958713  0.202573
7.98   -0.955512  0.201897
7.99   -0.952114  0.201179
8   -0.948523  0.20042
8.01   -0.944737  0.19962
8.02   -0.94076  0.19878
8.03   -0.936591  0.197899
8.04   -0.932233  0.196978
8.05   -0.927687  0.196017
8.06   -0.922953  0.195017
8.07   -0.918034  0.193978
8.08   -0.912931  0.1929
8.09   -0.907645  0.191783
8.1   -0.902178  0.190627
8.11   -0.89653  0.189434
8.12   -0.890705  0.188203
8.13   -0.884703  0.186935
8.14   -0.878526  0.18563
8.15   -0.872175  0.184288
8.16   -0.865652  0.18291
8.17   -0.85896  0.181496
8.18   -0.852098  0.180046
8.19   -0.84507  0.178561
8.2   -0.837877  0.177041
8.21   -0.83052  0.175486
8.22   -0.823002  0.173898
8.23   -0.815324  0.172275
8.24   -0.807488  0.17062
8.25   -0.799495  0.168931
8.26   -0.791348  0.16721
8.27   -0.783049  0.165456
8.28   -0.774599  0.16367
8.29   -0.766  0.161853
8.3   -0.757253  0.160005
8.31   -0.748362  0.158127
8.32   -0.739327  0.156218
8.33   -0.730151  0.154279
8.34   -0.720836  0.15231
8.35   -0.711382  0.150313
8.36   -0.701793  0.148287
8.37   -0.69207  0.146232
8.38   -0.682216  0.14415
8.39   -0.672231  0.14204
8.4   -0.662118  0.139904
8.41   -0.651879  0.13774
8.42   -0.641516  0.13555
8.43   -0.631031  0.133335
8.44   -0.620425  0.131094
8.45   -0.609701  0.128828
8.46   -0.59886  0.126537
8.47   -0.587905  0.124223
8.48   -0.576838  0.121884
8.49   -0.56566  0.119522
8.5   -0.554373  0.117137
8.51   -0.542979  0.11473
8.52   -0.531481  0.1123
8.53   -0.51988  0.109849
8.54   -0.508178  0.107376
8.55   -0.496377  0.104883
8.56   -0.484479  0.102369
8.57   -0.472487  0.099835
8.58   -0.460401  0.0972813
8.59   -0.448224  0.0947085
8.6   -0.435959  0.0921168
8.61   -0.423606  0.0895068
8.62   -0.411169  0.0868788
8.63   -0.398649  0.0842333
8.64   -0.386047  0.0815706
8.65   -0.373367  0.0788914
8.66   -0.36061  0.0761958
8.67   -0.347778  0.0734845
8.68   -0.334874  0.0707578
8.69   -0.321899  0.0680162
8.7   -0.308855  0.0652601
8.71   -0.295745  0.0624899
8.72   -0.28257  0.0597062
8.73   -0.269333  0.0569093
8.74   -0.256037  0.0540998
8.75   -0.242682  0.051278
8.76   -0.229272  0.0484445
8.77   -0.215809  0.0455998
8.78   -0.202294  0.0427442
8.79   -0.188731  0.0398783
8.8   -0.175121  0.0370025
8.81   -0.161467  0.0341174
8.82   -0.147771  0.0312235
8.83   -0.134035  0.0283213
8.84   -0.120263  0.0254112
8.85   -0.106456  0.0224938
8.86   -0.0926166  0.0195696
8.87   -0.0787478  0.0166392
8.88   -0.064852  0.013703
8.89   -0.0509318  0.0107617
8.9   -0.0369897  0.00781581
8.91   -0.0230285  0.00486584
8.92   -0.00905075  0.0019124
8.93   0.00494069  -0.00104395
8.94   0.0189431  -0.00400262
8.95   0.0329536  -0.006963
8.96   0.0469694  -0.0099245
8.97   0.0609876  -0.0128865
8.98   0.0750053  -0.0158484
8.99   0.0890194  -0.0188095
9   0.103027  -0.0217693
9.01   0.117025  -0.024727
9.02   0.13101  -0.027682
9.03   0.14498  -0.0306337
9.04   0.15893  -0.0335814
9.05   0.172858  -0.0365244
9.06   0.186761  -0.039462
9.07   0.200635  -0.0423935
9.08   0.214476  -0.0453182
9.09   0.228283  -0.0482355
9.1   0.24205  -0.0511445
9.11   0.255775  -0.0540446
9.12   0.269455  -0.056935
9.13   0.283085  -0.059815
9.14   0.296663  -0.0626839
9.15   0.310184  -0.0655409
9.16   0.323645  -0.0683853
9.17   0.337043  -0.0712162
9.18   0.350375  -0.0740331
9.19   0.363635  -0.076835
9.2   0.376822  -0.0796213
9.21   0.389931  -0.0823911
9.22   0.402958  -0.0851438
9.23   0.415901  -0.0878785
9.24   0.428755  -0.0905945
9.25   0.441517  -0.0932911
9.26   0.454183  -0.0959675
9.27   0.46675  -0.0986229
9.28   0.479215  -0.101257
9.29   0.491573  -0.103868
9.3   0.503822  -0.106456
9.31   0.515958  -0.10902
9.32   0.527977  -0.11156
9.33   0.539877  -0.114074
9.34   0.551654  -0.116563
9.35   0.563305  -0.119025
9.36   0.574827  -0.121459
9.37   0.586217  -0.123866
9.38   0.597472  -0.126244
9.39   0.608589  -0.128593
9.4   0.619565  -0.130912
9.41   0.630398  -0.133201
9.42   0.641085  -0.135459
9.43   0.651624  -0.137686
9.44   0.662013  -0.139881
9.45   0.672248  -0.142044
9.46   0.682329  -0.144174
9.47   0.692254  -0.146271
9.48   0.70202  -0.148335
9.49   0.711626  -0.150364
9.5   0.72107  -0.15236
9.51   0.730352  -0.154321
9.52   0.739469  -0.156248
9.53   0.748422  -0.158139
9.54   0.757208  -0.159996
9.55   0.765828  -0.161817
9.56   0.774281  -0.163603
9.57   0.782567  -0.165354
9.58   0.790684  -0.167069
9.59   0.798634  -0.168749
9.6   0.806417  -0.170393
9.61   0.814031  -0.172002
9.62   0.821479  -0.173576
9.63   0.82876  -0.175114
9.64   0.835875  -0.176618
9.65   0.842824  -0.178086
9.66   0.849609  -0.17952
9.67   0.85623  -0.180919
9.68   0.862689  -0.182283
9.69   0.868986  -0.183614
9.7   0.875122  -0.184911
9.71   0.881098  -0.186173
9.72   0.886915  -0.187402
9.73   0.892575  -0.188598
9.74   0.898077  -0.189761
9.75   0.903423  -0.19089
9.76   0.908612  -0.191987
9.77   0.913646  -0.193051
9.78   0.918523  -0.194081
9.79   0.923245  -0.195079
9.8   0.927809  -0.196043
9.81   0.932215  -0.196974
9.82   0.936461  -0.197871
9.83   0.940544  -0.198734
9.84   0.944462  -0.199562
9.85   0.94821  -0.200354
9.86   0.951785  -0.201109
9.87   0.95518  -0.201827
9.88   0.958389  -0.202505
9.89   0.961404  -0.203142
9.9   0.964216  -0.203736
9.91   0.966814  -0.204285
9.92   0.969186  -0.204786
9.93   0.97132  -0.205237
9.94   0.973198  -0.205634
9.95   0.974803  -0.205973
9.96   0.976116  -0.20625
9.97   0.977113  -0.206461
9.98   0.977771  -0.2066
9.99   0.978062  -0.206662
10   0.977955  -0.206639
10.01   0.978276  -0.206707
10.02   0.978396  -0.206732
10.03   0.978317  -0.206715
10.04   0.978036  -0.206656
10.05   0.977555  -0.206554
10.06   0.976874  -0.206411
10.07   0.975993  -0.206224
10.08   0.974912  -0.205996
10.09   0.973631  -0.205725
10.1   0.97215  -0.205412
10.11   0.97047  -0.205057
10.12   0.968591  -0.20466
10.13   0.966514  -0.204222
10.14   0.964239  -0.203741
10.15   0.961766  -0.203218
10.16   0.959096  -0.202654
10.17   0.95623  -0.202048
10.18   0.953167  -0.201401
10.19   0.949909  -0.200713
10.2   0.946457  -0.199983
10.21   0.942811  -0.199213
10.22   0.938971  -0.198402
10.23   0.934939  -0.19755
10.24   0.930715  -0.196657
10.25   0.926301  -0.195725
10.26   0.921697  -0.194752
10.27   0.916904  -0.193739
10.28   0.911923  -0.192687
10.29   0.906755  -0.191595
10.3   0.901402  -0.190463
10.31   0.895863  -0.189293
10.32   0.890141  -0.188084
10.33   0.884237  -0.186837
10.34   0.878151  -0.185551
10.35   0.871886  -0.184227
10.36   0.865442  -0.182865
10.37   0.85882  -0.181466
10.38   0.852023  -0.18003
10.39   0.845051  -0.178557
10.4   0.837905  -0.177047
10.41   0.830588  -0.175501
10.42   0.823101  -0.173919
10.43   0.815445  -0.172301
10.44   0.807622  -0.170648
10.45   0.799634  -0.16896
10.46   0.791482  -0.167238
10.47   0.783167  -0.165481
10.48   0.774692  -0.16369
10.49   0.766058  -0.161866
10.5   0.757267  -0.160008
10.51   0.748321  -0.158118
10.52   0.739222  -0.156195
10.53   0.729971  -0.154241
10.54   0.720571  -0.152254
10.55   0.711023  -0.150237
10.56   0.701329  -0.148189
10.57   0.691492  -0.14611
10.58   0.681513  -0.144002
10.59   0.671394  -0.141863
10.6   0.661137  -0.139696
10.61   0.650746  -0.137501
10.62   0.64022  -0.135277
10.63   0.629564  -0.133025
10.64   0.618778  -0.130746
10.65   0.607866  -0.12844
10.66   0.596829  -0.126108
10.67   0.58567  -0.12375
10.68   0.574391  -0.121367
10.69   0.562994  -0.118959
10.7   0.551482  -0.116526
10.71   0.539857  -0.11407
10.72   0.528121  -0.11159
10.73   0.516277  -0.109088
10.74   0.504327  -0.106563
10.75   0.492274  -0.104016
10.76   0.48012  -0.101448
10.77   0.467867  -0.0988589
10.78   0.455519  -0.0962497
10.79   0.443077  -0.0936208
10.8   0.430544  -0.0909727
10.81   0.417924  -0.088306
10.82   0.405217  -0.0856212
10.83   0.392428  -0.0829188
10.84   0.379558  -0.0801994
10.85   0.36661  -0.0774636
10.86   0.353588  -0.074712
10.87   0.340492  -0.071945
10.88   0.327327  -0.0691633
10.89   0.314095  -0.0663674
10.9   0.300799  -0.0635579
10.91   0.287441  -0.0607353
10.92   0.274024  -0.0579004
10.93   0.260551  -0.0550535
10.94   0.247024  -0.0521954
10.95   0.233447  -0.0493266
10.96   0.219822  -0.0464477
10.97   0.206152  -0.0435592
10.98   0.19244  -0.0406619
10.99   0.178688  -0.0377562
11   0.164899  -0.0348427
11.01   0.151077  -0.0319222
11.02   0.137224  -0.0289951
11.03   0.123343  -0.026062
11.04   0.109437  -0.0231236
11.05   0.0955076  -0.0201805
11.06   0.0815591  -0.0172332
11.07   0.0675939  -0.0142824
11.08   0.0536148  -0.0113287
11.09   0.0396248  -0.0083726
11.1   0.0256266  -0.00541483
11.11   0.0116232  -0.00245595
11.12   -0.00238257  0.00050343
11.13   -0.0163879  0.00346271
11.14   -0.0303898  0.00642128
11.15   -0.0443855  0.00937853
11.16   -0.0583722  0.0123339
11.17   -0.0723468  0.0152867
11.18   -0.0863067  0.0182363
11.19   -0.100249  0.0211823
11.2   -0.11417  0.0241239
11.21   -0.128069  0.0270605
11.22   -0.141941  0.0299916
11.23   -0.155783  0.0329166
11.24   -0.169594  0.0358348
11.25   -0.183371  0.0387457
11.26   -0.197109  0.0416486
11.27   -0.210808  0.044543
11.28   -0.224463  0.0474282
11.29   -0.238072  0.0503038
11.3   -0.251632  0.053169
11.31   -0.26514  0.0560234
11.32   -0.278595  0.0588662
11.33   -0.291992  0.061697
11.34   -0.30533  0.0645152
11.35   -0.318604  0.0673201
11.36   -0.331814  0.0701113
11.37   -0.344955  0.072888
11.38   -0.358026  0.0756499
11.39   -0.371024  0.0783962
11.4   -0.383945  0.0811265
11.41   -0.396788  0.0838401
11.42   -0.40955  0.0865366
11.43   -0.422227  0.0892153
11.44   -0.434818  0.0918758
11.45   -0.44732  0.0945174
11.46   -0.45973  0.0971396
11.47   -0.472046  0.099742
11.48   -0.484266  0.102324
11.49   -0.496386  0.104885
11.5   -0.508404  0.107424
11.51   -0.520318  0.109942
11.52   -0.532126  0.112437
11.53   -0.543824  0.114908
11.54   -0.555411  0.117357
11.55   -0.566885  0.119781
11.56   -0.578242  0.122181
11.57   -0.58948  0.124555
11.58   -0.600598  0.126905
11.59   -0.611593  0.129228
11.6   -0.622462  0.131524
11.61   -0.633204  0.133794
11.62   -0.643816  0.136036
11.63   -0.654296  0.138251
11.64   -0.664642  0.140437
11.65   -0.674852  0.142594
11.66   -0.684924  0.144722
11.67   -0.694855  0.146821
11.68   -0.704644  0.148889
11.69   -0.714288  0.150927
11.7   -0.723786  0.152934
11.71   -0.733136  0.154909
11.72   -0.742335  0.156853
11.73   -0.751382  0.158765
11.74   -0.760276  0.160644
11.75   -0.769013  0.16249
11.76   -0.777593  0.164303
11.77   -0.786014  0.166082
11.78   -0.794273  0.167828
11.79   -0.80237  0.169538
11.8   -0.810303  0.171214
11.81   -0.818069  0.172855
11.82   -0.825667  0.174461
11.83   -0.833097  0.176031
11.84   -0.840356  0.177565
11.85   -0.847442  0.179062
11.86   -0.854355  0.180523
11.87   -0.861093  0.181946
11.88   -0.867654  0.183333
11.89   -0.874038  0.184681
11.9   -0.880242  0.185992
11.91   -0.886266  0.187265
11.92   -0.892109  0.1885
11.93   -0.897768  0.189696
11.94   -0.903244  0.190853
11.95   -0.908534  0.191971
11.96   -0.913639  0.193049
11.97   -0.918556  0.194088
11.98   -0.923285  0.195087
11.99   -0.927824  0.196046
12   -0.932174  0.196965
12.01   -0.936332  0.197844
12.02   -0.940299  0.198682
12.03   -0.944073  0.19948
12.04   -0.947653  0.200236
12.05   -0.95104  0.200952
12.06   -0.954231  0.201626
12.07   -0.957227  0.202259
12.08   -0.960027  0.202851
12.09   -0.96263  0.203401
12.1   -0.965035  0.203909
12.11   -0.967243  0.204376
12.12   -0.969253  0.2048
12.13   -0.971064  0.205183
12.14   -0.972676  0.205523
12.15   -0.974089  0.205822
12.16   -0.975302  0.206078
12.17   -0.976315  0.206292
12.18   -0.977129  0.206464
12.19   -0.977741  0.206594
12.2   -0.978154  0.206681
12.21   -0.978366  0.206726
12.22   -0.978378  0.206728
12.23   -0.978189  0.206688
12.24   -0.9778  0.206606
12.25   -0.97721  0.206482
12.26   -0.97642  0.206315
12.27   -0.97543  0.206105
12.28   -0.97424  0.205854
12.29   -0.972851  0.20556
12.3   -0.971262  0.205225
12.31   -0.969474  0.204847
12.32   -0.967488  0.204427
12.33   -0.965303  0.203966
12.34   -0.96292  0.203462
12.35   -0.96034  0.202917
12.36   -0.957563  0.20233
12.37   -0.95459  0.201702
12.38   -0.951422  0.201032
12.39   -0.948058  0.200322
12.4   -0.9445  0.19957
12.41   -0.940749  0.198777
12.42   -0.936804  0.197944
12.43   -0.932668  0.19707
12.44   -0.928341  0.196156
12.45   -0.923823  0.195201
12.46   -0.919116  0.194206
12.47   -0.914221  0.193172
12.48   -0.909139  0.192098
12.49   -0.90387  0.190985
12.5   -0.898416  0.189832
12.51   -0.892777  0.188641
12.52   -0.886956  0.187411
12.53   -0.880953  0.186143
12.54   -0.87477  0.184836
12.55   -0.868407  0.183492
12.56   -0.861866  0.18211
12.57   -0.855149  0.18069
12.58   -0.848257  0.179234
12.59   -0.84119  0.177741
12.6   -0.833951  0.176211
12.61   -0.826542  0.174646
12.62   -0.818963  0.173044
12.63   -0.811216  0.171407
12.64   -0.803303  0.169735
12.65   -0.795225  0.168029
12.66   -0.786985  0.166287
12.67   -0.778583  0.164512
12.68   -0.770021  0.162703
12.69   -0.761302  0.160861
12.7   -0.752427  0.158985
12.71   -0.743397  0.157078
12.72   -0.734215  0.155137
12.73   -0.724883  0.153166
12.74   -0.715402  0.151162
12.75   -0.705775  0.149128
12.76   -0.696003  0.147063
12.77   -0.686088  0.144968
12.78   -0.676033  0.142844
12.79   -0.665839  0.14069
12.8   -0.655508  0.138507
12.81   -0.645044  0.136296
12.82   -0.634447  0.134057
12.83   -0.62372  0.13179
12.84   -0.612866  0.129497
12.85   -0.601885  0.127177
12.86   -0.590782  0.12483
12.87   -0.579557  0.122459
12.88   -0.568214  0.120062
12.89   -0.556754  0.11764
12.9   -0.54518  0.115195
12.91   -0.533495  0.112726
12.92   -0.5217  0.110234
12.93   -0.509798  0.107719
12.94   -0.497791  0.105182
12.95   -0.485683  0.102623
12.96   -0.473475  0.100044
12.97   -0.46117  0.0974439
12.98   -0.448771  0.0948239
12.99   -0.436279  0.0921845
13   -0.423699  0.0895262
13.01   -0.411031  0.0868496
13.02   -0.398279  0.0841552
13.03   -0.385446  0.0814435
13.04   -0.372533  0.0787152
13.05   -0.359545  0.0759707
13.06   -0.346482  0.0732106
13.07   -0.333349  0.0704355
13.08   -0.320147  0.067646
13.09   -0.306879  0.0648427
13.1   -0.293549  0.062026
13.11   -0.280159  0.0591967
13.12   -0.266711  0.0563552
13.13   -0.253208  0.0535022
13.14   -0.239654  0.0506382
13.15   -0.226051  0.0477638
13.16   -0.212401  0.0448796
13.17   -0.198707  0.0419863
13.18   -0.184973  0.0390843
13.19   -0.171201  0.0361743
13.2   -0.157394  0.0332569
13.21   -0.143555  0.0303327
13.22   -0.129686  0.0274023
13.23   -0.115791  0.0244663
13.24   -0.101872  0.0215252
13.25   -0.087932  0.0185798
13.26   -0.0739741  0.0156305
13.27   -0.060001  0.012678
13.28   -0.0460157  0.00972297
13.29   -0.0320208  0.00676591
13.3   -0.0180195  0.00380746
13.31   -0.00401441  0.000848232
13.32   0.00999148  -0.00211117
13.33   0.0239953  -0.00507014
13.34   0.0379942  -0.00802807
13.35   0.0519854  -0.0109844
13.36   0.0659659  -0.0139384
13.37   0.0799328  -0.0168896
13.38   0.0938834  -0.0198373
13.39   0.107815  -0.0227809
13.4   0.121724  -0.0257199
13.41   0.135608  -0.0286536
13.42   0.149465  -0.0315815
13.43   0.163291  -0.0345028
13.44   0.177083  -0.0374171
13.45   0.190839  -0.0403238
13.46   0.204556  -0.0432221
13.47   0.218231  -0.0461116
13.48   0.231862  -0.0489917
13.49   0.245445  -0.0518617
13.5   0.258977  -0.0547211
13.51   0.272457  -0.0575693
13.52   0.28588  -0.0604057
13.53   0.299246  -0.0632297
13.54   0.312549  -0.0660407
13.55   0.325789  -0.0688382
13.56   0.338962  -0.0716216
13.57   0.352065  -0.0743904
13.58   0.365097  -0.0771438
13.59   0.378053  -0.0798815
13.6   0.390932  -0.0826028
13.61   0.403731  -0.0853072
13.62   0.416448  -0.0879941
13.63   0.429078  -0.090663
13.64   0.441621  -0.0933132
13.65   0.454074  -0.0959444
13.66   0.466433  -0.0985559
13.67   0.478697  -0.101147
13.68   0.490863  -0.103718
13.69   0.502928  -0.106267
13.7   0.51489  -0.108795
13.71   0.526746  -0.1113
13.72   0.538495  -0.113782
13.73   0.550133  -0.116241
13.74   0.561659  -0.118677
13.75   0.573069  -0.121088
13.76   0.584362  -0.123474
13.77   0.595535  -0.125835
13.78   0.606587  -0.12817
13.79   0.617513  -0.130479
13.8   0.628314  -0.132761
13.81   0.638985  -0.135016
13.82   0.649526  -0.137243
13.83   0.659934  -0.139442
13.84   0.670206  -0.141612
13.85   0.680341  -0.143754
13.86   0.690336  -0.145866
13.87   0.70019  -0.147948
13.88   0.709901  -0.15
13.89   0.719466  -0.152021
13.9   0.728884  -0.154011
13.91   0.738152  -0.155969
13.92   0.747269  -0.157896
13.93   0.756233  -0.15979
13.94   0.765042  -0.161651
13.95   0.773694  -0.163479
13.96   0.782188  -0.165274
13.97   0.790521  -0.167035
13.98   0.798692  -0.168761
13.99   0.8067  -0.170453
14   0.814542  -0.17211
14.01   0.822218  -0.173732
14.02   0.829725  -0.175318
14.03   0.837062  -0.176869
14.04   0.844227  -0.178383
14.05   0.851219  -0.17986
14.06   0.858037  -0.181301
14.07   0.864679  -0.182704
14.08   0.871144  -0.18407
14.09   0.877431  -0.185398
14.1   0.883537  -0.186689
14.11   0.889463  -0.187941
14.12   0.895206  -0.189154
14.13   0.900766  -0.190329
14.14   0.906141  -0.191465
14.15   0.91133  -0.192561
14.16   0.916333  -0.193618
14.17   0.921148  -0.194636
14.18   0.925774  -0.195613
14.19   0.930211  -0.196551
14.2   0.934457  -0.197448
14.21   0.938511  -0.198305
14.22   0.942373  -0.199121
14.23   0.946042  -0.199896
14.24   0.949517  -0.20063
14.25   0.952798  -0.201323
14.26   0.955883  -0.201975
14.27   0.958772  -0.202586
14.28   0.961465  -0.203155
14.29   0.963961  -0.203682
14.3   0.966259  -0.204168
14.31   0.96836  -0.204611
14.32   0.970261  -0.205013
14.33   0.971964  -0.205373
14.34   0.973468  -0.205691
14.35   0.974773  -0.205966
14.36   0.975877  -0.2062
14.37   0.976782  -0.206391
14.38   0.977486  -0.20654
14.39   0.977991  -0.206646
14.4   0.978294  -0.206711
14.41   0.978397  -0.206732
14.42   0.9783  -0.206712
14.43   0.978003  -0.206649
14.44   0.977504  -0.206544
14.45   0.976806  -0.206396
14.46   0.975907  -0.206206
14.47   0.974809  -0.205974
14.48   0.97351  -0.2057
14.49   0.972012  -0.205383
14.5   0.970315  -0.205025
14.51   0.968419  -0.204624
14.52   0.966325  -0.204182
14.53   0.964033  -0.203697
14.54   0.961543  -0.203171
14.55   0.958856  -0.202603
14.56   0.955972  -0.201994
14.57   0.952893  -0.201343
14.58   0.949618  -0.200651
14.59   0.946149  -0.199918
14.6   0.942486  -0.199144
14.61   0.93863  -0.19833
14.62   0.934581  -0.197474
14.63   0.930341  -0.196578
14.64   0.92591  -0.195642
14.65   0.92129  -0.194666
14.66   0.91648  -0.193649
14.67   0.911483  -0.192594
14.68   0.906299  -0.191498
14.69   0.90093  -0.190364
14.7   0.895375  -0.18919
14.71   0.889638  -0.187978
14.72   0.883717  -0.186727
14.73   0.877616  -0.185438
14.74   0.871335  -0.18411
14.75   0.864876  -0.182746
14.76   0.858239  -0.181343
14.77   0.851426  -0.179904
14.78   0.844439  -0.178427
14.79   0.837279  -0.176914
14.8   0.829947  -0.175365
14.81   0.822445  -0.17378
14.82   0.814775  -0.172159
14.83   0.806938  -0.170503
14.84   0.798935  -0.168812
14.85   0.790768  -0.167087
14.86   0.78244  -0.165327
14.87   0.773951  -0.163533
14.88   0.765304  -0.161706
14.89   0.756499  -0.159846
14.9   0.74754  -0.157953
14.91   0.738428  -0.156027
14.92   0.729164  -0.15407
14.93   0.719751  -0.152081
14.94   0.71019  -0.150061
14.95   0.700484  -0.14801
14.96   0.690634  -0.145929
14.97   0.680642  -0.143818
14.98   0.670512  -0.141677
14.99   0.660243  -0.139507
15   0.64984  -0.137309
15.01   0.639303  -0.135083
15.02   0.628636  -0.132829
15.03   0.617839  -0.130548
15.04   0.606916  -0.128239
15.05   0.595868  -0.125905
15.06   0.584699  -0.123545
15.07   0.573409  -0.12116
15.08   0.562002  -0.118749
15.09   0.55048  -0.116315
15.1   0.538845  -0.113856
15.11   0.5271  -0.111375
15.12   0.515247  -0.10887
15.13   0.503288  -0.106343
15.14   0.491226  -0.103795
15.15   0.479063  -0.101225
15.16   0.466802  -0.0986339
15.17   0.454446  -0.096023
15.18   0.441996  -0.0933924
15.19   0.429456  -0.0907427
15.2   0.416827  -0.0880743
15.21   0.404114  -0.085388
15.22   0.391317  -0.0826841
15.23   0.37844  -0.0799633
15.24   0.365486  -0.0772261
15.25   0.352457  -0.0744731
15.26   0.339356  -0.0717048
15.27   0.326185  -0.0689218
15.28   0.312947  -0.0661248
15.29   0.299645  -0.0633141
15.3   0.286282  -0.0604905
15.31   0.27286  -0.0576545
15.32   0.259382  -0.0548066
15.33   0.245851  -0.0519476
15.34   0.23227  -0.0490779
15.35   0.218641  -0.0461981
15.36   0.204967  -0.0433089
15.37   0.191251  -0.0404107
15.38   0.177496  -0.0375044
15.39   0.163705  -0.0345903
15.4   0.14988  -0.0316691
15.41   0.136024  -0.0287415
15.42   0.12214  -0.0258079
15.43   0.108232  -0.0228691
15.44   0.0943012  -0.0199256
15.45   0.0803512  -0.016978
15.46   0.0663847  -0.0140269
15.47   0.0524045  -0.0110729
15.48   0.0384137  -0.00811669
15.49   0.0244149  -0.0051588
15.5   0.0104112  -0.00219986
15.51   -0.00359465  0.000759539
15.52   -0.0175998  0.00371878
15.53   -0.0316013  0.00667726
15.54   -0.0455963  0.00963437
15.55   -0.0595821  0.0125895
15.56   -0.0735555  0.0155421
15.57   -0.087514  0.0184914
15.58   -0.101454  0.021437
15.59   -0.115374  0.0243782
15.6   -0.12927  0.0273144
15.61   -0.14314  0.030245
15.62   -0.15698  0.0331694
15.63   -0.170788  0.036087
15.64   -0.184561  0.0389972
15.65   -0.198296  0.0418994
15.66   -0.211991  0.044793
15.67   -0.225642  0.0476775
15.68   -0.239247  0.0505522
15.69   -0.252803  0.0534165
15.7   -0.266307  0.0562699
15.71   -0.279757  0.0591117
15.72   -0.293149  0.0619414
15.73   -0.306481  0.0647585
15.74   -0.31975  0.0675622
15.75   -0.332954  0.0703522
15.76   -0.346089  0.0731277
15.77   -0.359154  0.0758882
15.78   -0.372145  0.0786331
15.79   -0.38506  0.081362
15.8   -0.397896  0.0840742
15.81   -0.41065  0.0867691
15.82   -0.42332  0.0894463
15.83   -0.435904  0.0921051
15.84   -0.448398  0.0947451
15.85   -0.4608  0.0973656
15.86   -0.473108  0.0999662
15.87   -0.485319  0.102546
15.88   -0.49743  0.105105
15.89   -0.509439  0.107643
15.9   -0.521344  0.110158
15.91   -0.533143  0.112651
15.92   -0.544832  0.115121
15.93   -0.556409  0.117568
15.94   -0.567872  0.11999
15.95   -0.579219  0.122387
15.96   -0.590447  0.12476
15.97   -0.601554  0.127107
15.98   -0.612538  0.129428
15.99   -0.623397  0.131722
16   -0.634128  0.133989
16.01   -0.644728  0.136229
16.02   -0.655197  0.138441
16.03   -0.665531  0.140625
16.04   -0.675729  0.142779
16.05   -0.685789  0.144905
16.06   -0.695707  0.147001
16.07   -0.705484  0.149067
16.08   -0.715116  0.151102
16.09   -0.724601  0.153106
16.1   -0.733938  0.155079
16.11   -0.743124  0.15702
16.12   -0.752158  0.158929
16.13   -0.761038  0.160805
16.14   -0.769762  0.162648
16.15   -0.778328  0.164458
16.16   -0.786735  0.166235
16.17   -0.794981  0.167977
16.18   -0.803063  0.169685
16.19   -0.810981  0.171358
16.2   -0.818733  0.172996
16.21   -0.826317  0.174598
16.22   -0.833732  0.176165
16.23   -0.840976  0.177696
16.24   -0.848047  0.17919
16.25   -0.854945  0.180647
16.26   -0.861668  0.182068
16.27   -0.868214  0.183451
16.28   -0.874582  0.184796
16.29   -0.880771  0.186104
16.3   -0.886779  0.187374
16.31   -0.892606  0.188605
16.32   -0.898249  0.189797
16.33   -0.903709  0.190951
16.34   -0.908983  0.192065
16.35   -0.914072  0.193141
16.36   -0.918972  0.194176
16.37   -0.923685  0.195172
16.38   -0.928208  0.196128
16.39   -0.932541  0.197043
16.4   -0.936683  0.197918
16.41   -0.940633  0.198753
16.42   -0.94439  0.199547
16.43   -0.947954  0.2003
16.44   -0.951324  0.201012
16.45   -0.954498  0.201683
16.46   -0.957477  0.202312
16.47   -0.96026  0.2029
16.48   -0.962846  0.203446
16.49   -0.965234  0.203951
16.5   -0.967425  0.204414
16.51   -0.969417  0.204835
16.52   -0.971211  0.205214
16.53   -0.972806  0.205551
16.54   -0.974202  0.205846
16.55   -0.975398  0.206099
16.56   -0.976394  0.206309
16.57   -0.977189  0.206477
16.58   -0.977785  0.206603
16.59   -0.97818  0.206687
16.6   -0.978375  0.206728
16.61   -0.97837  0.206727
16.62   -0.978163  0.206683
16.63   -0.977757  0.206597
16.64   -0.97715  0.206469
16.65   -0.976343  0.206298
16.66   -0.975335  0.206085
16.67   -0.974128  0.20583
16.68   -0.972721  0.205533
16.69   -0.971115  0.205194
16.7   -0.96931  0.204812
16.71   -0.967306  0.204389
16.72   -0.965104  0.203924
16.73   -0.962705  0.203417
16.74   -0.960107  0.202868
16.75   -0.957314  0.202277
16.76   -0.954324  0.201646
16.77   -0.951138  0.200973
16.78   -0.947758  0.200258
16.79   -0.944183  0.199503
16.8   -0.940415  0.198707
16.81   -0.936454  0.19787
16.82   -0.932301  0.196992
16.83   -0.927957  0.196075
16.84   -0.923423  0.195117
16.85   -0.9187  0.194119
16.86   -0.913789  0.193081
16.87   -0.90869  0.192003
16.88   -0.903405  0.190887
16.89   -0.897935  0.189731
16.9   -0.892281  0.188536
16.91   -0.886444  0.187303
16.92   -0.880425  0.186031
16.93   -0.874226  0.184721
16.94   -0.867848  0.183374
16.95   -0.861292  0.181988
16.96   -0.85456  0.180566
16.97   -0.847652  0.179106
16.98   -0.840571  0.17761
16.99   -0.833317  0.176077
17   -0.825893  0.174509
17.01   -0.818299  0.172904
17.02   -0.810538  0.171264
17.03   -0.80261  0.169589
17.04   -0.794518  0.167879
17.05   -0.786264  0.166135
17.06   -0.777848  0.164357
17.07   -0.769273  0.162545
17.08   -0.76054  0.1607
17.09   -0.751651  0.158822
17.1   -0.742608  0.156911
17.11   -0.733413  0.154968
17.12   -0.724068  0.152993
17.13   -0.714575  0.150987
17.14   -0.704935  0.148951
17.15   -0.69515  0.146883
17.16   -0.685223  0.144786
17.17   -0.675156  0.142658
17.18   -0.66495  0.140502
17.19   -0.654608  0.138317
17.2   -0.644132  0.136103
17.21   -0.633524  0.133862
17.22   -0.622786  0.131593
17.23   -0.61192  0.129297
17.24   -0.600929  0.126975
17.25   -0.589815  0.124626
17.26   -0.57858  0.122252
17.27   -0.567227  0.119853
17.28   -0.555757  0.11743
17.29   -0.544173  0.114982
17.3   -0.532478  0.112511
17.31   -0.520674  0.110017
17.32   -0.508763  0.1075
17.33   -0.496748  0.104961
17.34   -0.48463  0.102401
17.35   -0.472414  0.0998197
17.36   -0.460101  0.0972179
17.37   -0.447693  0.0945963
17.38   -0.435194  0.0919552
17.39   -0.422606  0.0892953
17.4   -0.409931  0.0866171
17.41   -0.397172  0.0839212
17.42   -0.384331  0.0812081
17.43   -0.371412  0.0784783
17.44   -0.358417  0.0757324
17.45   -0.345348  0.072971
17.46   -0.332209  0.0701947
17.47   -0.319001  0.067404
17.48   -0.305728  0.0645995
17.49   -0.292393  0.0617817
17.5   -0.278997  0.0589513
17.51   -0.265545  0.0561087
17.52   -0.252037  0.0532547
17.53   -0.238479  0.0503898
17.54   -0.224871  0.0475146
17.55   -0.211217  0.0446296
17.56   -0.19752  0.0417355
17.57   -0.183783  0.0388328
17.58   -0.170008  0.0359221
17.59   -0.156198  0.0330041
17.6   -0.142356  0.0300794
17.61   -0.128485  0.0271484
17.62   -0.114587  0.0242119
17.63   -0.100666  0.0212705
17.64   -0.0867248  0.0183247
17.65   -0.0727654  0.0153751
17.66   -0.0587912  0.0124224
17.67   -0.0448049  0.00946713
17.68   -0.0308094  0.00650993
17.69   -0.0168076  0.00355139
17.7   -0.00280233  0.000592124
17.71   0.0112035  -0.00236726
17.72   0.025207  -0.00532617
17.73   0.0392054  -0.00828398
17.74   0.0531957  -0.0112401
17.75   0.0671751  -0.0141939
17.76   0.0811408  -0.0171448
17.77   0.0950898  -0.0200922
17.78   0.109019  -0.0230355
17.79   0.122927  -0.025974
17.8   0.136809  -0.0289072
17.81   0.150663  -0.0318345
17.82   0.164486  -0.0347553
17.83   0.178275  -0.037669
17.84   0.192028  -0.0405749
17.85   0.205741  -0.0434725
17.86   0.219413  -0.0463613
17.87   0.233039  -0.0492405
17.88   0.246618  -0.0521096
17.89   0.260146  -0.054968
17.9   0.273621  -0.0578152
17.91   0.287039  -0.0606506
17.92   0.300399  -0.0634735
17.93   0.313698  -0.0662834
17.94   0.326932  -0.0690797
17.95   0.340099  -0.0718618
17.96   0.353196  -0.0746293
17.97   0.366221  -0.0773814
17.98   0.379171  -0.0801177
17.99   0.392043  -0.0828375
18   0.404835  -0.0855404
18.01   0.417544  -0.0882258
18.02   0.430167  -0.0908931
18.03   0.442703  -0.0935417
18.04   0.455147  -0.0961712
18.05   0.467498  -0.098781
18.06   0.479754  -0.10137
18.07   0.491911  -0.103939
18.08   0.503967  -0.106487
18.09   0.51592  -0.109012
18.1   0.527767  -0.111516
18.11   0.539507  -0.113996
18.12   0.551135  -0.116453
18.13   0.562651  -0.118886
18.14   0.574051  -0.121295
18.15   0.585334  -0.123679
18.16   0.596497  -0.126038
18.17   0.607537  -0.128371
18.18   0.618453  -0.130677
18.19   0.629242  -0.132957
18.2   0.639903  -0.13521
18.21   0.650432  -0.137434
18.22   0.660828  -0.139631
18.23   0.671088  -0.141799
18.24   0.681211  -0.143938
18.25   0.691195  -0.146047
18.26   0.701037  -0.148127
18.27   0.710735  -0.150176
18.28   0.720287  -0.152194
18.29   0.729692  -0.154182
18.3   0.738947  -0.156137
18.31   0.748051  -0.158061
18.32   0.757002  -0.159952
18.33   0.765797  -0.161811
18.34   0.774436  -0.163636
18.35   0.782915  -0.165428
18.36   0.791235  -0.167185
18.37   0.799392  -0.168909
18.38   0.807385  -0.170598
18.39   0.815213  -0.172252
18.4   0.822874  -0.173871
18.41   0.830366  -0.175454
18.42   0.837689  -0.177001
18.43   0.844839  -0.178512
18.44   0.851816  -0.179986
18.45   0.858619  -0.181424
18.46   0.865246  -0.182824
18.47   0.871695  -0.184187
18.48   0.877966  -0.185512
18.49   0.884057  -0.186799
18.5   0.889967  -0.188047
18.51   0.895694  -0.189257
18.52   0.901238  -0.190429
18.53   0.906597  -0.191561
18.54   0.911771  -0.192654
18.55   0.916757  -0.193708
18.56   0.921556  -0.194722
18.57   0.926166  -0.195696
18.58   0.930586  -0.19663
18.59   0.934815  -0.197524
18.6   0.938853  -0.198377
18.61   0.942698  -0.199189
18.62   0.946351  -0.199961
18.63   0.949809  -0.200692
18.64   0.953072  -0.201381
18.65   0.956141  -0.20203
18.66   0.959013  -0.202637
18.67   0.961689  -0.203202
18.68   0.964168  -0.203726
18.69   0.966449  -0.204208
18.7   0.968532  -0.204648
18.71   0.970417  -0.205046
18.72   0.972103  -0.205402
18.73   0.973589  -0.205716
18.74   0.974876  -0.205988
18.75   0.975963  -0.206218
18.76   0.976851  -0.206406
18.77   0.977538  -0.206551
18.78   0.978025  -0.206654
18.79   0.978311  -0.206714
18.8   0.978397  -0.206732
18.81   0.978282  -0.206708
18.82   0.977967  -0.206642
18.83   0.977452  -0.206533
18.84   0.976736  -0.206381
18.85   0.97582  -0.206188
18.86   0.974704  -0.205952
18.87   0.973389  -0.205674
18.88   0.971873  -0.205354
18.89   0.970159  -0.204992
18.9   0.968246  -0.204587
18.91   0.966135  -0.204141
18.92   0.963825  -0.203653
18.93   0.961318  -0.203124
18.94   0.958614  -0.202552
18.95   0.955714  -0.201939
18.96   0.952617  -0.201285
18.97   0.949326  -0.20059
18.98   0.94584  -0.199853
18.99   0.94216  -0.199076
19   0.938287  -0.198257
