0 0 0 0
0 0.100671140939597 0 0
0 0.201342281879195 0 0
0 0.302013422818792 0 0
0 0.402684563758389 0 0
0 0.503355704697987 0 0
0 0.604026845637584 0 0
0 0.704697986577181 0 0
0 0.805369127516778 0 0
0 0.906040268456376 0 0
0 1.00671140939597 0 0
0 1.10738255033557 0 0
0 1.20805369127517 0 0
0 1.30872483221477 0 0
0 1.40939597315436 0 0
0 1.51006711409396 0 0
0 1.61073825503356 0 0
0 1.71140939597315 0 0
0 1.81208053691275 0 0
0 1.91275167785235 0 0
0 2.01342281879195 0 0
0 2.11409395973154 0 0
0 2.21476510067114 0 0
0 2.31543624161074 0 0
0 2.41610738255034 0 0
0 2.51677852348993 0 0
0 2.61744966442953 0 0
0 2.71812080536913 0 0
0 2.81879194630872 0 0
0 2.91946308724832 0 0
0 3.02013422818792 0 0
0 3.12080536912752 0 0
0 3.22147651006711 0 0
0 3.32214765100671 0 0
0 3.42281879194631 0 0
0 3.52348993288591 0 0
0 3.6241610738255 0 0
0 3.7248322147651 0 0
0 3.8255033557047 0 0
0 3.9261744966443 0 0
