0 0 0 0 0 0 0
0.1 -0.000230018 -3.84822e-05 0.000233215 0.000277722 -0.000178843 0.000330325
0.2 -0.000731344 -0.000115742 0.000740446 0.000583044 -0.000379083 0.000695445
0.3 -0.000116716 -2.51846e-05 0.000119402 0.000179407 -0.000109506 0.000210187
0.4 0.00102841 0.000160381 0.00104084 -0.000757527 0.000495043 0.000904939
0.5 -0.000721885 -0.000105237 0.000729516 0.000468082 -0.000314266 0.000563794
0.6 0.000235066 2.58437e-05 0.000236482 -9.46804e-05 7.42283e-05 0.000120309
0.7 3.48658e-05 1.78311e-05 3.91609e-05 -0.00010322 5.32936e-05 0.000116166
0.8 -5.23633e-05 -2.16326e-05 5.66559e-05 0.000113715 -5.88722e-05 0.000128051
0.9 -0.000163846 -1.16794e-05 0.000164262 4.91432e-05 -4.81979e-05 6.88338e-05
1 0.000580287 7.82406e-05 0.000585538 -0.000366514 0.000254093 0.000445977
1.1 -0.00108539 -0.000162373 0.00109747 0.000762659 -0.000507289 0.000915964
1.2 0.00143281 0.000226107 0.00145054 -0.00105693 0.000688977 0.00126167
1.3 -0.00129275 -0.000215189 0.00131053 0.000995563 -0.000636154 0.00118146
1.4 0.000478634 9.40243e-05 0.000487782 -0.000418882 0.000251642 0.000488657
1.5 0.000744087 0.000102522 0.000751117 -0.000498107 0.000342402 0.000604442
1.6 -0.00158792 -0.000251101 0.00160765 0.0011723 -0.000764436 0.00139952
1.7 0.00123801 0.000212828 0.00125617 -0.000966501 0.000610354 0.00114309
1.8 0.000262218 2.15657e-05 0.000263104 -0.000134988 0.00011157 0.000175128
1.9 -0.00163487 -0.000256036 0.00165479 0.00120036 -0.000786409 0.00143503
2 0.00136565 0.00023526 0.00138576 -0.0010614 0.000670035 0.00125519
2.1 0.000495647 5.83749e-05 0.000499073 -0.000313711 0.000228751 0.000388255
2.2 -0.00188479 -0.000302515 0.00190891 0.00140449 -0.000912278 0.00167477
2.3 0.000931918 0.000172197 0.000947693 -0.000750042 0.000460397 0.000880073
2.4 0.00135105 0.000201574 0.00136601 -0.000970622 0.00064918 0.00116771
2.5 -0.00186331 -0.000313711 0.00188953 0.00142282 -0.000907598 0.00168765
2.6 -0.00034672 -3.13704e-05 0.000348137 0.000204021 -0.000161987 0.000260508
2.7 0.00216351 0.0003506 0.00219173 -0.00162076 0.00105068 0.00193152
2.8 -0.000663706 -0.000133621 0.000677023 0.000552679 -0.000326886 0.000642113
2.9 -0.00201283 -0.000315785 0.00203745 0.00148673 -0.000977239 0.00177915
3 0.0014719 0.000262159 0.00149506 -0.0011509 0.000718198 0.00135661
3.1 0.00163979 0.000247508 0.00165836 -0.0011932 0.000797222 0.00143502
3.2 -0.00204875 -0.000351802 0.00207873 0.00157421 -0.000998416 0.00186412
3.3 -0.00121452 -0.000173176 0.00122681 0.000866168 -0.000592353 0.00104935
3.4 0.00244565 0.000412378 0.00248018 -0.00186399 0.00119242 0.00221276
3.5 0.000837156 0.000108374 0.000844142 -0.000578714 0.000410807 0.000709699
3.6 -0.0027321 -0.000455975 0.00276988 0.00207352 -0.00133367 0.00246539
3.7 -0.000558713 -6.07338e-05 0.000562005 0.000367559 -0.0002773 0.000460429
3.8 0.00296728 0.000492593 0.00300789 -0.00224751 0.00145068 0.00267503
3.9 0.000404364 3.38969e-05 0.000405782 -0.000250674 0.000204245 0.000323347
4 -0.00319109 -0.000528878 0.00323462 0.00241579 -0.00156266 0.00287714
4.1 -0.000389694 -3.01948e-05 0.000390862 0.000239405 -0.000199556 0.000311669
4.2 0.00342295 0.00056806 0.00346976 -0.00259272 0.00167893 0.00308885
4.3 0.000529489 5.20678e-05 0.000532043 -0.000344923 0.000270876 0.000438572
4.4 -0.00366269 -0.000610129 0.00371315 0.0027779 -0.00179927 0.0033097
4.5 -0.000840796 -0.000102539 0.000847025 0.000580384 -0.000427063 0.000720575
4.6 0.00389113 0.000651912 0.00394536 -0.00295655 0.00191413 0.00352208
4.7 0.00134198 0.000185038 0.00135468 -0.000960098 0.000677742 0.00117521
4.8 -0.00407005 -0.000687003 0.00412763 0.00309943 -0.00200448 0.00369112
4.9 -0.00204905 -0.000302751 0.0020713 0.00149661 -0.00103154 0.00181767
5 0.00414205 0.000705682 0.00420174 -0.0031627 0.00204162 0.00376443
5.1 0.00297013 0.000457702 0.00300519 -0.00219644 0.00149335 0.00265602
5.2 -0.00403096 -0.000694788 0.0040904 0.00308827 -0.00198724 0.0036724
5.3 -0.00409901 -0.000649392 0.00415013 0.00305493 -0.00206143 0.00368539
5.4 0.00364362 0.000638379 0.00369912 -0.00280529 0.00179346 0.00332959
5.5 0.00540989 0.000874828 0.00548017 -0.0040525 0.00272346 0.00488262
5.6 -0.00286972 -0.000515352 0.00291562 0.00222967 -0.00140538 0.00263562
5.7 -0.0068476 -0.00112178 0.00693888 0.00514532 -0.00345866 0.00619973
5.8 0.00159558 0.000312181 0.00162583 -0.00127884 0.000751328 0.00148322
5.9 0.00835822 0.00139551 0.00847392 -0.00629743 0.00421791 0.00757948
6 0.000377762 3.52791e-05 0.000379406 -0.00020993 0.000222536 0.00030593
6.1 -0.00971312 -0.00160067 0.00984413 0.00730036 -0.00500075 0.00884888
6.2 -0.00294266 -0.000404215 0.00297029 0.00207627 -0.00170627 0.00268743
6.3 0.0114669 0.00202637 0.0116445 -0.00872622 0.00561892 0.0103788
6.4 0.00788844 0.00144477 0.00801966 -0.0059912 0.00368791 0.00703528
6.5 -0.0102333 -0.00152955 0.010347 0.00731264 -0.00619564 0.0095844
6.6 -0.00866407 -0.0011677 0.0087424 0.00556325 -0.00633985 0.00843466
6.7 0.021443 0.00402059 0.0218167 -0.0173911 0.00841528 0.0193201
6.8 0.0398377 0.0071593 0.0404759 -0.0316703 0.0169004 0.0358975
6.9 0.0246211 0.00426914 0.0249884 -0.0218887 0.00664269 0.0228744
7 0.0425389 0.0075696 0.0432071 -0.0356769 0.0156748 0.0389685
7.1 0.193869 0.0397475 0.197902 -0.136234 0.110655 0.175511
7.2 0.465561 0.111556 0.47874 -0.291975 0.307352 0.423928
7.3 0.68101 0.208921 0.712336 -0.350178 0.525715 0.631665
7.4 0.645813 0.305003 0.714213 -0.163975 0.643326 0.663894
7.5 0.345484 0.380419 0.513885 0.249375 0.594936 0.645086
7.6 -0.0279187 0.425718 0.426633 0.696457 0.412223 0.809308
7.7 -0.24602 0.426926 0.492739 0.957144 0.174531 0.972926
7.8 -0.21782 0.359543 0.420377 0.935337 -0.0575589 0.937106
7.9 -0.00386378 0.204454 0.204491 0.676361 -0.256467 0.723353
8 0.283875 -0.031304 0.285596 0.284852 -0.403916 0.494256
8.1 0.551258 -0.312471 0.633659 -0.139148 -0.483594 0.503215
8.2 0.718275 -0.591756 0.930642 -0.506403 -0.498572 0.710646
8.3 0.715704 -0.825011 1.09219 -0.740282 -0.475423 0.879798
8.4 0.521499 -0.975523 1.10617 -0.805361 -0.440365 0.917893
8.5 0.183078 -1.01575 1.03212 -0.723684 -0.399421 0.826593
8.6 -0.217876 -0.933926 0.959003 -0.546699 -0.347394 0.647737
8.7 -0.613967 -0.739181 0.960908 -0.317231 -0.285457 0.426757
8.8 -0.955881 -0.45721 1.0596 -0.0665955 -0.219032 0.228932
8.9 -1.19072 -0.121299 1.19688 0.167805 -0.145102 0.221841
9 -1.26953 0.231682 1.2905 0.346837 -0.0552511 0.35121
9.1 -1.17846 0.561258 1.30529 0.452419 0.0489881 0.455063
9.2 -0.942032 0.827436 1.25382 0.489849 0.154171 0.513537
9.3 -0.594457 0.99907 1.16255 0.466296 0.248688 0.528467
9.4 -0.167156 1.05829 1.07141 0.382614 0.3282 0.504092
9.5 0.293547 0.998861 1.0411 0.249143 0.385767 0.459226
9.6 0.721707 0.825356 1.09639 0.0922446 0.407982 0.41828
9.7 1.05891 0.556072 1.19604 -0.0634864 0.386655 0.391832
9.8 1.27303 0.223018 1.29242 -0.206922 0.326197 0.386292
9.9 1.34431 -0.134436 1.35101 -0.327631 0.234669 0.403003
10 1.25481 -0.475961 1.34205 -0.406581 0.116545 0.422955
10.1 1.00728 -0.762191 1.26315 -0.43062 -0.0194554 0.431059
10.2 0.638293 -0.957357 1.15063 -0.404036 -0.154618 0.43261
10.3 0.198228 -1.03633 1.05512 -0.335667 -0.270364 0.431009
10.4 -0.267523 -0.989913 1.02542 -0.227903 -0.357015 0.423556
10.5 -0.70752 -0.823667 1.08582 -0.0890982 -0.406902 0.416542
10.6 -1.05878 -0.555778 1.19578 0.0581159 -0.409428 0.413532
10.7 -1.27211 -0.217999 1.29065 0.192798 -0.361202 0.409436
10.8 -1.3283 0.146544 1.33636 0.305653 -0.271589 0.408881
10.9 -1.22181 0.491626 1.31701 0.385395 -0.152219 0.414367
11 -0.955746 0.774657 1.23026 0.415229 -0.0124742 0.415416
11.1 -0.56263 0.958906 1.11178 0.39098 0.131154 0.412391
11.2 -0.101627 1.01837 1.02343 0.322517 0.256451 0.412049
11.3 0.370352 0.944837 1.01483 0.216022 0.349094 0.410527
11.4 0.799498 0.748258 1.09503 0.0782655 0.401357 0.408917
11.5 1.12254 0.452746 1.2104 -0.0688858 0.403232 0.409074
11.6 1.2906 0.0961699 1.29418 -0.202933 0.351449 0.405831
11.7 1.28898 -0.272687 1.31751 -0.313611 0.256645 0.405239
11.8 1.11658 -0.604181 1.26956 -0.38648 0.130596 0.407948
11.9 0.786932 -0.854393 1.16157 -0.405102 -0.0151052 0.405383
12 0.350574 -0.987557 1.04794 -0.371692 -0.15843 0.404048
12.1 -0.129363 -0.984057 0.992524 -0.293217 -0.278672 0.404518
12.2 -0.596277 -0.845039 1.03423 -0.172295 -0.364699 0.403349
12.3 -0.9798 -0.588229 1.14281 -0.028723 -0.402272 0.403296
12.4 -1.22137 -0.248294 1.24636 0.115119 -0.383851 0.400742
12.5 -1.29596 0.12578 1.30205 0.247555 -0.316559 0.401862
12.6 -1.18465 0.482295 1.27907 0.344913 -0.205475 0.401478
12.7 -0.902103 0.770315 1.18624 0.393579 -0.0652936 0.398958
12.8 -0.495261 0.94704 1.06872 0.392345 0.081228 0.400665
12.9 -0.0117064 0.988018 0.988087 0.333015 0.219277 0.398724
13 0.46961 0.885165 1.00202 0.230645 0.32504 0.398557
13.1 0.884297 0.653647 1.09965 0.0947942 0.386529 0.397983
13.2 1.16921 0.32639 1.21391 -0.0541238 0.393891 0.397592
13.3 1.28141 -0.0489453 1.28234 -0.194944 0.345589 0.396781
13.4 1.20454 -0.416934 1.27466 -0.308572 0.248732 0.396339
13.5 0.949351 -0.722811 1.1932 -0.3789 0.116909 0.396526
13.6 0.550081 -0.921108 1.07286 -0.393328 -0.0327773 0.394691
13.7 0.0711626 -0.980797 0.983376 -0.353558 -0.176317 0.395084
13.8 -0.41908 -0.892812 0.986277 -0.26236 -0.294786 0.394628
13.9 -0.846806 -0.669877 1.07973 -0.132467 -0.371076 0.394011
14 -1.1455 -0.345114 1.19636 0.0164525 -0.39328 0.393624
14.1 -1.26906 0.0323301 1.26947 0.162746 -0.357924 0.393186
14.2 -1.1981 0.404777 1.26463 0.285156 -0.270082 0.392758
14.3 -0.942754 0.714889 1.18315 0.365555 -0.142472 0.392337
14.4 -0.541764 0.914503 1.06293 0.391876 0.00619815 0.391925
14.5 -0.0567713 0.972228 0.973884 0.35999 0.153932 0.39152
14.6 0.437012 0.878537 0.981227 0.274421 0.278693 0.391123
14.7 0.862427 0.647513 1.07845 0.147772 0.361713 0.390733
14.8 1.15247 0.314907 1.19472 -0.00107916 0.390349 0.390351
14.9 1.26097 -0.0672631 1.26277 -0.149752 0.360076 0.389975
15 1.17015 -0.438763 1.2497 -0.275726 0.275261 0.389606
15.1 0.89371 -0.740626 1.16071 -0.359762 0.1486 0.389244
15.2 0.475032 -0.924563 1.03946 -0.388888 -0.000726293 0.388888
15.3 -0.0194859 -0.960796 0.960994 -0.358447 -0.149927 0.388539
15.4 -0.510835 -0.843034 0.985727 -0.272913 -0.276069 0.388195
15.5 -0.919991 -0.589713 1.09277 -0.145291 -0.359617 0.387858
15.6 -1.18068 -0.241272 1.20508 0.00480734 -0.387496 0.387526
15.7 -1.25024 0.146189 1.25876 0.154145 -0.355194 0.3872
15.8 -1.11679 0.50988 1.22768 0.279451 -0.267549 0.386879
15.9 -0.801455 0.790489 1.1257 0.36106 -0.138086 0.386564
16 -0.355201 0.941924 1.00667 0.386034 0.0130229 0.386254
16.1 0.149224 0.938988 0.950772 0.350271 0.16207 0.385949
16.2 0.62908 0.781717 1.00341 0.25923 0.285526 0.385649
16.3 1.00519 0.495597 1.12073 0.127158 0.36377 0.385354
16.4 1.2151 0.127567 1.22178 -0.0250949 0.384245 0.385063
16.5 1.22353 -0.261583 1.25118 -0.173338 0.343522 0.384777
16.6 1.02854 -0.607212 1.1944 -0.293883 0.247932 0.384496
16.7 0.662092 -0.851581 1.07868 -0.367339 0.112632 0.384219
16.8 0.18499 -0.953572 0.97135 -0.381777 -0.0407515 0.383946
16.9 -0.323082 -0.89572 0.952206 -0.33471 -0.187558 0.383677
17 -0.776818 -0.687336 1.03725 -0.233574 -0.304054 0.383413
17.1 -1.09963 -0.363154 1.15804 -0.0946107 -0.371288 0.383152
17.2 -1.23665 0.0223529 1.23685 0.0597093 -0.378212 0.382896
17.3 -1.16423 0.404045 1.23235 0.204294 -0.323542 0.382643
17.4 -0.894148 0.717111 1.14619 0.315512 -0.21605 0.382394
17.5 -0.471904 0.908103 1.0234 0.375073 -0.0731983 0.382149
17.6 0.0308215 0.944149 0.944652 0.373075 0.0816558 0.381907
17.7 0.528241 0.818726 0.974346 0.309698 0.223065 0.381668
17.8 0.935073 0.552964 1.08634 0.195247 0.327674 0.381433
17.9 1.18121 0.192209 1.19675 0.0485238 0.378101 0.381202
18 1.22391 -0.201622 1.24041 -0.106231 0.365863 0.380974
18.1 1.05536 -0.560626 1.19502 -0.243329 0.292849 0.380748
18.2 0.704245 -0.822623 1.0829 -0.339901 0.171078 0.380526
18.3 0.23106 -0.941983 0.969908 -0.37974 0.0207635 0.380307
18.4 -0.28224 -0.897667 0.940992 -0.356057 -0.133014 0.380092
18.5 -0.746363 -0.69705 1.02124 -0.272684 -0.264482 0.379879
18.6 -1.08022 -0.374818 1.1434 -0.143501 -0.351505 0.379668
18.7 -1.22518 0.0129338 1.22525 0.00983768 -0.379334 0.379461
18.8 -1.15545 0.398395 1.22221 0.161507 -0.343149 0.379257
18.9 -0.882866 0.713884 1.13538 0.285854 -0.248938 0.379055
19 -0.454974 0.903763 1.01182 0.361752 -0.112547 0.378856
19.1 0.0530929 0.934318 0.935825 0.376216 0.0429483 0.378659
19.2 0.551752 0.799849 0.971694 0.32666 0.191126 0.378465
19.3 0.952741 0.523843 1.08726 0.22141 0.306706 0.378274
19.4 1.18478 0.154974 1.19487 0.0783385 0.36988 0.378084
19.5 1.20635 -0.241403 1.23026 -0.0781347 0.369732 0.377898
19.6 1.01322 -0.594795 1.1749 -0.221197 0.306169 0.377714
19.7 0.63944 -0.842115 1.05737 -0.32624 0.189994 0.377532
19.8 0.151466 -0.939 0.951137 -0.375105 0.0411141 0.377352
19.9 -0.363585 -0.867849 0.940933 -0.359263 -0.11485 0.377174
20 -0.81343 -0.641128 1.03572 -0.281334 -0.250957 0.376999
