0.03,-48.9045
0.06,-48.854
0.09,-48.8011
0.12,-48.7459
0.15,-48.6882
0.18,-48.628
0.21,-48.565
0.24,-48.4993
0.27,-48.4306
0.3,-48.3589
0.33,-48.2841
0.36,-48.2059
0.39,-48.1244
0.42,-48.0392
0.45,-47.9504
0.48,-47.8577
0.51,-47.7611
0.54,-47.6603
0.57,-47.5552
0.6,-47.4456
0.63,-47.3314
0.66,-47.2123
0.69,-47.0883
0.72,-46.9592
0.75,-46.8246
0.78,-46.6846
0.81,-46.5388
0.84,-46.3872
0.87,-46.2294
0.9,-46.0653
0.93,-45.8947
0.96,-45.7174
0.99,-45.5332
1.02,-45.3418
1.05,-45.1432
1.08,-44.937
1.11,-44.7231
1.14,-44.5012
1.17,-44.2712
1.2,-44.0329
1.23,-43.7861
1.26,-43.5306
1.29,-43.2661
1.32,-42.9926
1.35,-42.7099
1.38,-42.4178
1.41,-42.1161
1.44,-41.8047
1.47,-41.4836
1.5,-41.1525
1.53,-40.8113
1.56,-40.4601
1.59,-40.0987
1.62,-39.7271
1.65,-39.3453
1.68,-38.9532
1.71,-38.5509
1.74,-38.1384
1.77,-37.7158
1.8,-37.2831
1.83,-36.8405
1.86,-36.3881
1.89,-35.9261
1.92,-35.4547
1.95,-34.9742
1.98,-34.4846
2.01,-33.9865
2.04,-33.48
2.07,-32.9655
2.1,-32.4434
2.13,-31.9141
2.16,-31.378
2.19,-30.8355
2.22,-30.2871
2.25,-29.7334
2.28,-29.1748
2.31,-28.6119
2.34,-28.0453
2.37,-27.4754
2.4,-26.9029
2.43,-26.3284
2.46,-25.7525
2.49,-25.1758
2.52,-24.599
2.55,-24.0225
2.58,-23.4471
2.61,-22.8733
2.64,-22.3018
2.67,-21.7331
2.7,-21.1678
2.73,-20.6066
2.76,-20.0498
2.79,-19.4981
2.82,-18.952
2.85,-18.412
2.88,-17.8784
2.91,-17.3519
2.94,-16.8327
2.97,-16.3213
3,-15.818
3.03,-15.3232
3.06,-14.8372
3.09,-14.3601
3.12,-13.8924
3.15,-13.4341
3.18,-12.9856
3.21,-12.5468
3.24,-12.1181
3.27,-11.6994
3.3,-11.2908
3.33,-10.8925
3.36,-10.5044
3.39,-10.1266
3.42,-9.75896
3.45,-9.40155
3.48,-9.05429
3.51,-8.71709
3.54,-8.38988
3.57,-8.07256
3.6,-7.76499
3.63,-7.46706
3.66,-7.17861
3.69,-6.8995
3.72,-6.62956
3.75,-6.36862
3.78,-6.11651
3.81,-5.87303
3.84,-5.63799
3.87,-5.41121
3.9,-5.19249
3.93,-4.98162
3.96,-4.77839
3.99,-4.58262
4.02,-4.39409
4.05,-4.21259
4.08,-4.03792
4.11,-3.86989
4.14,-3.70829
4.17,-3.55291
4.2,-3.40356
4.23,-3.26006
4.26,-3.12219
4.29,-2.98979
4.32,-2.86265
4.35,-2.74061
4.38,-2.62348
4.41,-2.51109
4.44,-2.40327
4.47,-2.29986
4.5,-2.20069
4.53,-2.10561
4.56,-2.01446
4.59,-1.9271
4.62,-1.84338
4.65,-1.76317
4.68,-1.68633
4.71,-1.61272
4.74,-1.54222
4.77,-1.47471
4.8,-1.41007
4.83,-1.34818
4.86,-1.28894
4.89,-1.23224
4.92,-1.17796
4.95,-1.12603
4.98,-1.07633
5.01,-1.02878
5.04,-0.983293
5.07,-0.939776
5.1,-0.898149
5.13,-0.858333
5.16,-0.820253
5.19,-0.783836
5.22,-0.74901
5.25,-0.71571
5.28,-0.683869
5.31,-0.653427
5.34,-0.624322
5.37,-0.596498
5.4,-0.569899
5.43,-0.544474
5.46,-0.520171
5.49,-0.496942
5.52,-0.47474
5.55,-0.453521
5.58,-0.433242
5.61,-0.413863
5.64,-0.395343
5.67,-0.377646
5.7,-0.360735
5.73,-0.344576
5.76,-0.329137
5.79,-0.314384
5.82,-0.300289
5.85,-0.286822
5.88,-0.273956
5.91,-0.261664
5.94,-0.249921
5.97,-0.238702
6,-0.227984
6.03,-0.217746
6.06,-0.207965
6.09,-0.198622
6.12,-0.189697
6.15,-0.181172
6.18,-0.173029
6.21,-0.16525
6.24,-0.15782
6.27,-0.150723
6.3,-0.143944
6.33,-0.137469
6.36,-0.131285
6.39,-0.125378
6.42,-0.119737
6.45,-0.114348
6.48,-0.109202
6.51,-0.104287
6.54,-0.0995921
6.57,-0.0951086
6.6,-0.0908265
6.63,-0.0867369
6.66,-0.0828311
6.69,-0.0791009
6.72,-0.0755385
6.75,-0.0721362
6.78,-0.068887
6.81,-0.065784
6.84,-0.0628205
6.87,-0.0599904
6.9,-0.0572876
6.93,-0.0547065
6.96,-0.0522415
6.99,-0.0498875
7.02,-0.0476395
7.05,-0.0454927
7.08,-0.0434425
7.11,-0.0414847
7.14,-0.039615
7.17,-0.0378295
7.2,-0.0361244
7.23,-0.0344962
7.26,-0.0329413
7.29,-0.0314564
7.32,-0.0300384
7.35,-0.0286843
7.38,-0.0273912
7.41,-0.0261564
7.44,-0.0249772
7.47,-0.0238511
7.5,-0.0227758
7.53,-0.0217489
7.56,-0.0207684
7.59,-0.019832
7.62,-0.0189378
7.65,-0.0180839
7.68,-0.0172685
7.71,-0.0164899
7.74,-0.0157463
7.77,-0.0150363
7.8,-0.0143583
7.83,-0.0137108
7.86,-0.0130926
7.89,-0.0125022
7.92,-0.0119384
7.95,-0.0114001
7.98,-0.010886
8.01,-0.0103951
8.04,-0.00992628
8.07,-0.00947864
8.1,-0.00905119
8.13,-0.00864301
8.16,-0.00825323
8.19,-0.00788102
8.22,-0.00752561
8.25,-0.00718621
8.28,-0.00686212
8.31,-0.00655265
8.34,-0.00625713
8.37,-0.00597493
8.4,-0.00570547
8.43,-0.00544815
8.46,-0.00520244
8.49,-0.0049678
8.52,-0.00474375
8.55,-0.0045298
8.58,-0.00432551
8.61,-0.00413042
8.64,-0.00394413
8.67,-0.00376625
8.7,-0.00359638
8.73,-0.00343418
8.76,-0.00327929
8.79,-0.00313139
8.82,-0.00299015
8.85,-0.00285529
8.88,-0.00272651
8.91,-0.00260354
8.94,-0.00248611
8.97,-0.00237398
9,-0.00226691
9.03,-0.00216466
9.06,-0.00206703
9.09,-0.0019738
9.12,-0.00188478
9.15,-0.00179977
9.18,-0.00171859
9.21,-0.00164108
9.24,-0.00156706
9.27,-0.00149638
9.3,-0.00142889
9.33,-0.00136444
9.36,-0.0013029
9.39,-0.00124413
9.42,-0.00118802
9.45,-0.00113443
9.48,-0.00108326
9.51,-0.0010344
9.54,-0.000987748
9.57,-0.000943197
9.6,-0.000900655
9.63,-0.000860032
9.66,-0.00082124
9.69,-0.000784199
9.72,-0.000748828
9.75,-0.000715053
9.78,-0.000682801
9.81,-0.000652004
9.84,-0.000622595
9.87,-0.000594514
9.9,-0.000567698
9.93,-0.000542093
9.96,-0.000517642
9.99,-0.000494294
10.02,-0.000471999
10.05,-0.00045071
10.08,-0.000430381
10.11,-0.000410968
10.14,-0.000392432
10.17,-0.000374731
10.2,-0.000357829
10.23,-0.00034169
10.26,-0.000326278
10.29,-0.000311561
10.32,-0.000297508
10.35,-0.000284089
10.38,-0.000271275
10.41,-0.00025904
10.44,-0.000247356
10.47,-0.000236199
10.5,-0.000225545
10.53,-0.000215372
10.56,-0.000205658
10.59,-0.000196382
10.62,-0.000187524
10.65,-0.000179066
10.68,-0.000170989
10.71,-0.000163276
10.74,-0.000155912
10.77,-0.000148879
10.8,-0.000142164
10.83,-0.000135752
10.86,-0.000129629
10.89,-0.000123782
10.92,-0.000118199
10.95,-0.000112868
10.98,-0.000107777
11.01,-0.000102915
11.04,-9.82734e-05
11.07,-9.38408e-05
11.1,-8.96081e-05
11.13,-8.55664e-05
11.16,-8.17069e-05
11.19,-7.80215e-05
11.22,-7.45024e-05
11.25,-7.11419e-05
11.28,-6.79331e-05
11.31,-6.4869e-05
11.34,-6.19431e-05
11.37,-5.91491e-05
11.4,-5.64812e-05
11.43,-5.39336e-05
11.46,-5.1501e-05
11.49,-4.9178e-05
11.52,-4.69599e-05
11.55,-4.48417e-05
11.58,-4.28191e-05
11.61,-4.08878e-05
11.64,-3.90436e-05
11.67,-3.72825e-05
11.7,-3.56009e-05
11.73,-3.39951e-05
11.76,-3.24618e-05
11.79,-3.09976e-05
11.82,-2.95994e-05
11.85,-2.82643e-05
11.88,-2.69895e-05
11.91,-2.57721e-05
11.94,-2.46097e-05
11.97,-2.34997e-05
12,-2.24397e-05
12.03,-2.14276e-05
12.06,-2.04611e-05
12.09,-1.95382e-05
12.12,-1.86569e-05
12.15,-1.78154e-05
12.18,-1.70118e-05
12.21,-1.62445e-05
12.24,-1.55118e-05
12.27,-1.48121e-05
12.3,-1.4144e-05
12.33,-1.35061e-05
12.36,-1.28969e-05
12.39,-1.23152e-05
12.42,-1.17597e-05
12.45,-1.12293e-05
12.48,-1.07228e-05
12.51,-1.02391e-05
12.54,-9.7773e-06
12.57,-9.33629e-06
12.6,-8.91518e-06
12.63,-8.51306e-06
12.66,-8.12908e-06
12.69,-7.76242e-06
12.72,-7.41229e-06
12.75,-7.07796e-06
12.78,-6.75871e-06
12.81,-6.45386e-06
12.84,-6.16276e-06
12.87,-5.88479e-06
12.9,-5.61936e-06
12.93,-5.36589e-06
12.96,-5.12387e-06
12.99,-4.89275e-06
13.02,-4.67207e-06
13.05,-4.46133e-06
13.08,-4.26011e-06
13.11,-4.06795e-06
13.14,-3.88447e-06
13.17,-3.70926e-06
13.2,-3.54195e-06
13.23,-3.38219e-06
13.26,-3.22964e-06
13.29,-3.08397e-06
13.32,-2.94487e-06
13.35,-2.81204e-06
13.38,-2.6852e-06
13.41,-2.56408e-06
13.44,-2.44843e-06
13.47,-2.338e-06
13.5,-2.23254e-06
13.53,-2.13184e-06
13.56,-2.03568e-06
13.59,-1.94387e-06
13.62,-1.85619e-06
13.65,-1.77246e-06
13.68,-1.69252e-06
13.71,-1.61618e-06
13.74,-1.54328e-06
13.77,-1.47367e-06
13.8,-1.4072e-06
13.83,-1.34373e-06
13.86,-1.28312e-06
13.89,-1.22524e-06
13.92,-1.16998e-06
13.95,-1.11721e-06
13.98,-1.06682e-06
14.01,-1.0187e-06
14.04,-9.72749e-07
14.07,-9.28873e-07
14.1,-8.86976e-07
14.13,-8.46969e-07
14.16,-8.08767e-07
14.19,-7.72287e-07
14.22,-7.37454e-07
14.25,-7.04191e-07
14.28,-6.72428e-07
14.31,-6.42098e-07
14.34,-6.13137e-07
14.37,-5.85481e-07
14.4,-5.59073e-07
14.43,-5.33856e-07
14.46,-5.09776e-07
14.49,-4.86783e-07
14.52,-4.64827e-07
14.55,-4.43861e-07
14.58,-4.2384e-07
14.61,-4.04723e-07
14.64,-3.86468e-07
14.67,-3.69036e-07
14.7,-3.52391e-07
14.73,-3.36496e-07
14.76,-3.21319e-07
14.79,-3.06826e-07
14.82,-2.92986e-07
14.85,-2.79771e-07
14.88,-2.67152e-07
14.91,-2.55102e-07
14.94,-2.43596e-07
14.97,-2.32609e-07
15,-2.22117e-07
15.03,-2.12098e-07
15.06,-2.02531e-07
15.09,-1.93396e-07
15.12,-1.84673e-07
15.15,-1.76344e-07
15.18,-1.6839e-07
15.21,-1.60794e-07
15.24,-1.53542e-07
15.27,-1.46616e-07
15.3,-1.40003e-07
15.33,-1.33688e-07
15.36,-1.27658e-07
15.39,-1.219e-07
15.42,-1.16402e-07
15.45,-1.11152e-07
15.48,-1.06138e-07
15.51,-1.01351e-07
15.54,-9.67794e-08
15.57,-9.24141e-08
15.6,-8.82458e-08
15.63,-8.42655e-08
15.66,-8.04647e-08
15.69,-7.68353e-08
15.72,-7.33697e-08
15.75,-7.00603e-08
15.78,-6.69003e-08
15.81,-6.38827e-08
15.84,-6.10013e-08
15.87,-5.82499e-08
15.9,-5.56225e-08
15.93,-5.31136e-08
15.96,-5.0718e-08
15.99,-4.84303e-08
16.02,-4.62459e-08
16.05,-4.416e-08
16.08,-4.21681e-08
16.11,-4.02661e-08
16.14,-3.84499e-08
16.17,-3.67156e-08
16.2,-3.50596e-08
16.23,-3.34782e-08
16.26,-3.19682e-08
16.29,-3.05263e-08
16.32,-2.91494e-08
16.35,-2.78346e-08
16.38,-2.65791e-08
16.41,-2.53803e-08
16.44,-2.42355e-08
16.47,-2.31424e-08
16.5,-2.20985e-08
16.53,-2.11018e-08
16.56,-2.015e-08
16.59,-1.92411e-08
16.62,-1.83732e-08
16.65,-1.75445e-08
16.68,-1.67532e-08
16.71,-1.59975e-08
16.74,-1.5276e-08
16.77,-1.45869e-08
16.8,-1.3929e-08
16.83,-1.33007e-08
16.86,-1.27008e-08
16.89,-1.21279e-08
16.92,-1.15809e-08
16.95,-1.10585e-08
16.98,-1.05597e-08
17.01,-1.00834e-08
17.04,-9.62864e-09
17.07,-9.19434e-09
17.1,-8.77963e-09
17.13,-8.38362e-09
17.16,-8.00548e-09
17.19,-7.64439e-09
17.22,-7.29959e-09
17.25,-6.97034e-09
17.28,-6.65595e-09
17.31,-6.35573e-09
17.34,-6.06906e-09
17.37,-5.79531e-09
17.4,-5.53391e-09
17.43,-5.28431e-09
17.46,-5.04596e-09
17.49,-4.81836e-09
17.52,-4.60103e-09
17.55,-4.3935e-09
17.58,-4.19533e-09
17.61,-4.0061e-09
17.64,-3.82541e-09
17.67,-3.65286e-09
17.7,-3.4881e-09
17.73,-3.33077e-09
17.76,-3.18053e-09
17.79,-3.03708e-09
17.82,-2.90009e-09
17.85,-2.76928e-09
17.88,-2.64437e-09
17.91,-2.5251e-09
17.94,-2.4112e-09
17.97,-2.30245e-09
18,-2.19859e-09
18.03,-2.09943e-09
18.06,-2.00473e-09
18.09,-1.91431e-09
18.12,-1.82796e-09
18.15,-1.74551e-09
18.18,-1.66678e-09
18.21,-1.5916e-09
18.24,-1.51981e-09
18.27,-1.45126e-09
18.3,-1.3858e-09
18.33,-1.3233e-09
18.36,-1.26361e-09
18.39,-1.20661e-09
18.42,-1.15219e-09
18.45,-1.10022e-09
18.48,-1.0506e-09
18.51,-1.00321e-09
18.54,-9.57959e-10
18.57,-9.1475e-10
18.6,-8.7349e-10
18.63,-8.34091e-10
18.66,-7.9647e-10
18.69,-7.60545e-10
18.72,-7.26241e-10
18.75,-6.93484e-10
18.78,-6.62204e-10
18.81,-6.32335e-10
18.84,-6.03814e-10
18.87,-5.76579e-10
18.9,-5.50572e-10
18.93,-5.25739e-10
18.96,-5.02025e-10
18.99,-4.79382e-10
19.02,-4.57759e-10
19.05,-4.37112e-10
19.08,-4.17396e-10
19.11,-3.98569e-10
19.14,-3.80592e-10
19.17,-3.63425e-10
19.2,-3.47033e-10
19.23,-3.3138e-10
19.26,-3.16433e-10
19.29,-3.02161e-10
19.32,-2.88532e-10
19.35,-2.75517e-10
19.38,-2.6309e-10
19.41,-2.51223e-10
19.44,-2.39892e-10
19.47,-2.29072e-10
19.5,-2.18739e-10
19.53,-2.08873e-10
19.56,-1.99452e-10
19.59,-1.90456e-10
19.62,-1.81865e-10
19.65,-1.73662e-10
19.68,-1.65829e-10
19.71,-1.58349e-10
19.74,-1.51207e-10
19.77,-1.44387e-10
19.8,-1.37874e-10
19.83,-1.31656e-10
19.86,-1.25717e-10
19.89,-1.20047e-10
19.92,-1.14632e-10
19.95,-1.09462e-10
19.98,-1.04524e-10
20.01,-9.98098e-11
20.04,-9.53079e-11
20.07,-9.1009e-11
20.1,-8.6904e-11
20.13,-8.29842e-11
20.16,-7.92412e-11
20.19,-7.56671e-11
20.22,-7.22541e-11
20.25,-6.89951e-11
20.28,-6.58831e-11
20.31,-6.29114e-11
20.34,-6.00738e-11
20.37,-5.73642e-11
20.4,-5.47768e-11
20.43,-5.23061e-11
20.46,-4.99468e-11
20.49,-4.76939e-11
20.52,-4.55427e-11
20.55,-4.34885e-11
20.58,-4.1527e-11
20.61,-3.96539e-11
20.64,-3.78653e-11
20.67,-3.61574e-11
20.7,-3.45265e-11
20.73,-3.29692e-11
20.76,-3.14821e-11
20.79,-3.00621e-11
20.82,-2.87062e-11
20.85,-2.74114e-11
20.88,-2.6175e-11
20.91,-2.49944e-11
20.94,-2.3867e-11
20.97,-2.27905e-11
21,-2.17625e-11
21.03,-2.07809e-11
21.06,-1.98436e-11
21.09,-1.89486e-11
21.12,-1.80939e-11
21.15,-1.72778e-11
21.18,-1.64984e-11
21.21,-1.57543e-11
21.24,-1.50437e-11
21.27,-1.43651e-11
21.3,-1.37172e-11
21.33,-1.30985e-11
21.36,-1.25077e-11
21.39,-1.19435e-11
21.42,-1.14048e-11
21.45,-1.08904e-11
21.48,-1.03992e-11
21.51,-9.93013e-12
21.54,-9.48223e-12
21.57,-9.05454e-12
21.6,-8.64613e-12
21.63,-8.25615e-12
21.66,-7.88376e-12
21.69,-7.52816e-12
21.72,-7.1886e-12
21.75,-6.86436e-12
21.78,-6.55474e-12
21.81,-6.25909e-12
21.84,-5.97678e-12
21.87,-5.70719e-12
21.9,-5.44977e-12
21.93,-5.20396e-12
21.96,-4.96924e-12
21.99,-4.7451e-12
22.02,-4.53107e-12
22.05,-4.3267e-12
22.08,-4.13154e-12
22.11,-3.94519e-12
22.14,-3.76724e-12
22.17,-3.59732e-12
22.2,-3.43506e-12
22.23,-3.28012e-12
22.26,-3.13217e-12
22.29,-2.9909e-12
22.32,-2.85599e-12
22.35,-2.72717e-12
22.38,-2.60417e-12
22.41,-2.4867e-12
22.44,-2.37454e-12
22.47,-2.26744e-12
22.5,-2.16517e-12
22.53,-2.06751e-12
22.56,-1.97425e-12
22.59,-1.8852e-12
22.62,-1.80017e-12
22.65,-1.71897e-12
22.68,-1.64144e-12
22.71,-1.5674e-12
22.74,-1.49671e-12
22.77,-1.4292e-12
22.8,-1.36473e-12
22.83,-1.30318e-12
22.86,-1.2444e-12
22.89,-1.18827e-12
22.92,-1.13467e-12
22.95,-1.08349e-12
22.98,-1.03462e-12
23.01,-9.87955e-13
23.04,-9.43393e-13
23.07,-9.00841e-13
23.1,-8.60209e-13
23.13,-8.21409e-13
23.16,-7.8436e-13
23.19,-7.48981e-13
23.22,-7.15198e-13
23.25,-6.82939e-13
23.28,-6.52135e-13
23.31,-6.22721e-13
23.34,-5.94633e-13
23.37,-5.67812e-13
23.4,-5.42201e-13
23.43,-5.17745e-13
23.46,-4.94392e-13
23.49,-4.72093e-13
23.52,-4.50799e-13
23.55,-4.30466e-13
23.58,-4.11049e-13
23.61,-3.92509e-13
23.64,-3.74805e-13
23.67,-3.57899e-13
23.7,-3.41756e-13
23.73,-3.26342e-13
23.76,-3.11622e-13
23.79,-2.97566e-13
23.82,-2.84144e-13
23.85,-2.71328e-13
23.88,-2.5909e-13
23.91,-2.47404e-13
23.94,-2.36245e-13
23.97,-2.25589e-13
24,-2.15414e-13
24.03,-2.05697e-13
24.06,-1.96419e-13
24.09,-1.8756e-13
24.12,-1.791e-13
24.15,-1.71022e-13
24.18,-1.63308e-13
24.21,-1.55942e-13
24.24,-1.48908e-13
24.27,-1.42192e-13
24.3,-1.35778e-13
24.33,-1.29654e-13
24.36,-1.23806e-13
24.39,-1.18221e-13
24.42,-1.12889e-13
24.45,-1.07797e-13
24.48,-1.02935e-13
24.51,-9.82922e-14
24.54,-9.38587e-14
24.57,-8.96252e-14
24.6,-8.55827e-14
24.63,-8.17225e-14
24.66,-7.80364e-14
24.69,-7.45166e-14
24.72,-7.11555e-14
24.75,-6.7946e-14
24.78,-6.48813e-14
24.81,-6.19549e-14
24.84,-5.91604e-14
24.87,-5.6492e-14
24.9,-5.39439e-14
24.93,-5.15108e-14
24.96,-4.91874e-14
24.99,-4.69688e-14
25.02,-4.48502e-14
25.05,-4.28273e-14
25.08,-4.08956e-14
25.11,-3.9051e-14
25.14,-3.72896e-14
25.17,-3.56076e-14
25.2,-3.40015e-14
25.23,-3.24679e-14
25.26,-3.10034e-14
25.29,-2.9605e-14
25.32,-2.82697e-14
25.35,-2.69946e-14
25.38,-2.5777e-14
25.41,-2.46143e-14
25.44,-2.35041e-14
25.47,-2.2444e-14
25.5,-2.14316e-14
25.53,-2.04649e-14
25.56,-1.95419e-14
25.59,-1.86604e-14
25.62,-1.78188e-14
25.65,-1.7015e-14
25.68,-1.62476e-14
25.71,-1.55147e-14
25.74,-1.48149e-14
25.77,-1.41467e-14
25.8,-1.35086e-14
25.83,-1.28993e-14
25.86,-1.23175e-14
25.89,-1.17619e-14
25.92,-1.12314e-14
25.95,-1.07248e-14
25.98,-1.02411e-14
26.01,-9.77915e-15
26.04,-9.33806e-15
26.07,-8.91686e-15
26.1,-8.51467e-15
26.13,-8.13062e-15
26.16,-7.76388e-15
26.19,-7.4137e-15
26.22,-7.0793e-15
26.25,-6.75999e-15
26.28,-6.45508e-15
26.31,-6.16392e-15
26.34,-5.8859e-15
26.37,-5.62042e-15
26.4,-5.36691e-15
26.43,-5.12483e-15
26.46,-4.89368e-15
26.49,-4.67295e-15
26.52,-4.46218e-15
26.55,-4.26091e-15
26.58,-4.06872e-15
26.61,-3.8852e-15
26.64,-3.70996e-15
26.67,-3.54262e-15
26.7,-3.38283e-15
26.73,-3.23025e-15
26.76,-3.08455e-15
26.79,-2.94542e-15
26.82,-2.81257e-15
26.85,-2.68571e-15
26.88,-2.56457e-15
26.91,-2.44889e-15
26.94,-2.33844e-15
26.97,-2.23296e-15
27,-2.13224e-15
27.03,-2.03607e-15
27.06,-1.94423e-15
27.09,-1.85654e-15
27.12,-1.7728e-15
27.15,-1.69284e-15
27.18,-1.61648e-15
27.21,-1.54357e-15
27.24,-1.47395e-15
27.27,-1.40747e-15
27.3,-1.34398e-15
27.33,-1.28336e-15
27.36,-1.22548e-15
27.39,-1.1702e-15
27.42,-1.11742e-15
27.45,-1.06702e-15
27.48,-1.01889e-15
27.51,-9.72933e-16
27.54,-9.29049e-16
27.57,-8.87144e-16
27.6,-8.47129e-16
27.63,-8.0892e-16
27.66,-7.72433e-16
27.69,-7.37593e-16
27.72,-7.04324e-16
27.75,-6.72555e-16
27.78,-6.4222e-16
27.81,-6.13252e-16
27.84,-5.85592e-16
27.87,-5.59179e-16
27.9,-5.33957e-16
27.93,-5.09873e-16
27.96,-4.86875e-16
27.99,-4.64914e-16
28.02,-4.43945e-16
28.05,-4.2392e-16
28.08,-4.048e-16
28.11,-3.86541e-16
28.14,-3.69106e-16
28.17,-3.52458e-16
28.2,-3.3656e-16
28.23,-3.2138e-16
28.26,-3.06884e-16
28.29,-2.93042e-16
28.32,-2.79824e-16
28.35,-2.67203e-16
28.38,-2.5515e-16
28.41,-2.43642e-16
28.44,-2.32652e-16
28.47,-2.22159e-16
28.5,-2.12138e-16
28.53,-2.0257e-16
28.56,-1.93433e-16
28.59,-1.84708e-16
28.62,-1.76377e-16
28.65,-1.68421e-16
28.68,-1.60825e-16
28.71,-1.53571e-16
28.74,-1.46644e-16
28.77,-1.4003e-16
28.8,-1.33714e-16
28.83,-1.27682e-16
28.86,-1.21923e-16
28.89,-1.16424e-16
28.92,-1.11173e-16
28.95,-1.06158e-16
28.98,-1.0137e-16
29.01,-9.67977e-17
29.04,-9.24316e-17
29.07,-8.82625e-17
29.1,-8.42814e-17
29.13,-8.04799e-17
29.16,-7.68498e-17
29.19,-7.33835e-17
29.22,-7.00736e-17
29.25,-6.69129e-17
29.28,-6.38948e-17
29.31,-6.10128e-17
29.34,-5.82609e-17
29.37,-5.5633e-17
29.4,-5.31237e-17
29.43,-5.07275e-17
29.46,-4.84395e-17
29.49,-4.62546e-17
29.52,-4.41683e-17
29.55,-4.21761e-17
29.58,-4.02737e-17
29.61,-3.84572e-17
29.64,-3.67226e-17
29.67,-3.50662e-17
29.7,-3.34846e-17
29.73,-3.19742e-17
29.76,-3.0532e-17
29.79,-2.91549e-17
29.82,-2.78399e-17
29.85,-2.65841e-17
29.88,-2.53851e-17
29.91,-2.42401e-17
29.94,-2.31467e-17
29.97,-2.21027e-17
