0 0 0
0.1 0.0573988 -0.00108748
0.2 0.111557 -0.00047234
0.3 0.162173 0.00264429
0.4 0.208957 0.00846517
0.5 0.251629 0.0167671
0.6 0.289923 0.0270416
0.7 0.323585 0.038609
0.8 0.352378 0.0507102
0.9 0.376086 0.0625782
1 0.394518 0.0734914
1.1 0.407509 0.0828136
1.2 0.414928 0.0900195
1.3 0.416678 0.094711
1.4 0.412703 0.0966242
1.5 0.402988 0.0956282
1.6 0.387561 0.0917202
1.7 0.366498 0.0850141
1.8 0.339921 0.0757274
1.9 0.308 0.064165
2 0.270952 0.0507019
2.1 0.229042 0.0357654
2.2 0.182577 0.0198173
2.3 0.13191 0.00333636
2.4 0.0774319 -0.0131975
2.5 0.0195723 -0.0293185
2.6 -0.041207 -0.0445879
2.7 -0.104415 -0.0586057
2.8 -0.169537 -0.0710198
2.9 -0.236037 -0.0815335
3 -0.303365 -0.0899111
3.1 -0.370964 -0.0959811
3.2 -0.43827 -0.0996377
3.3 -0.504722 -0.100841
3.4 -0.569765 -0.0996125
3.5 -0.632858 -0.0960365
3.6 -0.693475 -0.0902504
3.7 -0.751113 -0.082441
3.8 -0.805296 -0.0728374
3.9 -0.855579 -0.0617032
4 -0.90155 -0.0493284
4.1 -0.942837 -0.0360209
4.2 -0.979109 -0.0220985
4.3 -1.01008 -0.00787986
4.4 -1.03551 0.00632305
4.5 -1.05519 0.0202128
4.6 -1.069 0.0335132
4.7 -1.07682 0.0459759
4.8 -1.07861 0.0573853
4.9 -1.07437 0.0675631
5 -1.06415 0.0763714
5.1 -1.04803 0.083715
5.2 -1.02616 0.0895423
5.3 -0.998703 0.0938454
5.4 -0.965875 0.0966583
5.5 -0.927925 0.0980552
5.6 -0.885129 0.0981466
5.7 -0.837795 0.0970752
5.8 -0.78625 0.0950109
5.9 -0.730842 0.0921447
6 -0.671934 0.0886822
6.1 -0.6099 0.0848371
6.2 -0.545121 0.080824
6.3 -0.477979 0.0768512
6.4 -0.408857 0.0731137
6.5 -0.338132 0.0697868
6.6 -0.266177 0.0670198
6.7 -0.19335 0.0649305
6.8 -0.12 0.0636011
6.9 -0.0464596 0.0630744
7 0.0269544 0.0633518
7.1 0.0999413 0.0643927
7.2 0.172218 0.0661149
7.3 0.243518 0.0683972
7.4 0.31359 0.0710832
7.5 0.382198 0.0739869
7.6 0.44912 0.0769
7.7 0.514142 0.0796002
7.8 0.577059 0.0818619
7.9 0.637671 0.0834666
8 0.695778 0.0842155
8.1 0.751181 0.0839411
8.2 0.803675 0.0825203
8.3 0.853048 0.0798854
8.4 0.899078 0.0760348
8.5 0.941534 0.0710409
8.6 0.980174 0.0650555
8.7 1.01475 0.0583105
8.8 1.04499 0.0511135
8.9 1.07065 0.0438371
9 1.09148 0.0368988
9.1 1.10723 0.0307324
9.2 1.11772 0.0257461
9.3 1.12279 0.0222679
9.4 1.12237 0.0204739
9.5 1.11651 0.0202981
9.6 1.10538 0.0213206
9.7 1.08936 0.0226313
9.8 1.06905 0.0226657
9.9 1.04536 0.0190098
10 1.01958 0.00816902
10.1 0.986914 0.00433692
10.2 0.94996 0.000494866
10.3 0.908876 -0.00334832
10.4 0.86384 -0.00718374
10.5 0.815048 -0.0110024
10.6 0.762712 -0.0147953
10.7 0.707059 -0.0185535
10.8 0.648333 -0.0222678
10.9 0.586787 -0.0259294
11 0.522691 -0.0295293
11.1 0.456321 -0.0330587
11.2 0.387968 -0.0365088
11.3 0.317927 -0.039871
11.4 0.246505 -0.043137
11.5 0.17401 -0.0462985
11.6 0.100759 -0.0493475
11.7 0.02707 -0.0522762
11.8 -0.0467369 -0.0550769
11.9 -0.120341 -0.0577426
12 -0.193421 -0.0602662
12.1 -0.26566 -0.0626411
12.2 -0.336745 -0.064861
12.3 -0.406365 -0.06692
12.4 -0.474218 -0.0688125
12.5 -0.54001 -0.0705334
12.6 -0.603453 -0.0720779
12.7 -0.664273 -0.0734419
12.8 -0.722204 -0.0746213
12.9 -0.776996 -0.0756128
13 -0.828409 -0.0764135
13.1 -0.87622 -0.077021
13.2 -0.920221 -0.0774333
13.3 -0.960221 -0.0776489
13.4 -0.996046 -0.0776669
13.5 -1.02754 -0.0774868
13.6 -1.05457 -0.0771088
13.7 -1.07701 -0.0765334
13.8 -1.09477 -0.0757618
13.9 -1.10777 -0.0747955
14 -1.11595 -0.0736367
14.1 -1.11928 -0.0722881
14.2 -1.11774 -0.0707529
14.3 -1.11134 -0.0690346
14.4 -1.10012 -0.0671375
14.5 -1.0841 -0.0650662
14.6 -1.06338 -0.0628258
14.7 -1.03803 -0.0604219
14.8 -1.00817 -0.0578605
14.9 -0.973921 -0.0551481
15 -0.93544 -0.0522916
15.1 -0.892892 -0.0492981
15.2 -0.846462 -0.0461755
15.3 -0.796352 -0.0429317
15.4 -0.742779 -0.0395751
15.5 -0.685976 -0.0361144
15.6 -0.626191 -0.0325585
15.7 -0.563683 -0.0289168
15.8 -0.498724 -0.0251987
15.9 -0.431597 -0.021414
16 -0.362593 -0.0175726
16.1 -0.292013 -0.0136847
16.2 -0.220163 -0.00976044
16.3 -0.147356 -0.00581029
16.4 -0.0739078 -0.00184469
16.5 -0.000138504 0.00212581
16.6 0.0736314 0.00609065
16.7 0.147081 0.0100392
16.8 0.219891 0.013961
16.9 0.291746 0.0178456
17 0.362331 0.0216823
17.1 0.431342 0.0254611
17.2 0.498476 0.0291716
17.3 0.563444 0.032804
17.4 0.625961 0.0363483
17.5 0.685757 0.0397949
17.6 0.742572 0.0431346
17.7 0.796157 0.0463583
17.8 0.846281 0.0494571
17.9 0.892725 0.0524227
18 0.935288 0.0552468
18.1 0.973784 0.0579219
18.2 1.00805 0.0604406
18.3 1.03793 0.0627958
18.4 1.06329 0.0649813
18.5 1.08404 0.0669908
18.6 1.10006 0.0688189
18.7 1.11131 0.0704604
18.8 1.11773 0.0719108
18.9 1.11928 0.0731661
19 1.11597 0.0742226
19.1 1.10781 0.0750774
19.2 1.09483 0.075728
19.3 1.07708 0.0761725
19.4 1.05466 0.0764096
19.5 1.02765 0.0764386
19.6 0.996173 0.0762591
19.7 0.960364 0.0758717
19.8 0.920379 0.0752771
19.9 0.876392 0.074477
20 0.828595 0.0734733
