0 0 0 0 0 0 0
0.1 0.13463 0.182059 0.226431 -2.38082e-06 4.15059e-05 4.15741e-05
0.2 0.265779 0.359411 0.447007 -1.82085e-05 0.000331309 0.000331809
0.3 0.390066 0.527483 0.656041 -5.86938e-05 0.00111145 0.001113
0.4 0.504298 0.681959 0.848165 -0.000132292 0.00260945 0.0026128
0.5 0.605562 0.818896 1.01848 -0.000244187 0.00503064 0.00503657
0.6 0.691294 0.934831 1.16267 -0.00039581 0.00855139 0.00856054
0.7 0.759354 1.02687 1.27714 -0.000584466 0.0133132 0.013326
0.8 0.80808 1.09276 1.35909 -0.000803128 0.0194181 0.0194347
0.9 0.83633 1.13097 1.4066 -0.00104045 0.0269251 0.0269451
1 0.843514 1.14068 1.41869 -0.00128109 0.0358483 0.0358712
1.1 0.829601 1.12188 1.39529 -0.00150629 0.0461563 0.0461809
1.2 0.795116 1.07525 1.3373 -0.00169498 0.0577727 0.0577975
1.3 0.741117 1.00225 1.2465 -0.0018252 0.0705785 0.0706021
1.4 0.669154 0.904957 1.12548 -0.00187598 0.0844153 0.0844361
1.5 0.581209 0.786068 0.977603 -0.00182973 0.0990902 0.0991071
1.6 0.479625 0.648754 0.806798 -0.00167475 0.114381 0.114393
1.7 0.367018 0.496559 0.617473 -0.00140807 0.130044 0.130051
1.8 0.24618 0.333264 0.41433 -0.00103793 0.145818 0.145822
1.9 0.119972 0.162749 0.20219 -0.000585914 0.161439 0.16144
2 -0.00877342 -0.011147 0.0141855 -8.80573e-05 0.176641 0.176641
2.1 -0.13736 -0.184768 0.230233 0.000405338 0.191172 0.191173
2.2 -0.263313 -0.354756 0.441798 0.000831462 0.204799 0.204801
2.3 -0.384452 -0.518155 0.645203 0.00111842 0.21732 0.217323
2.4 -0.498944 -0.672477 0.837359 0.00119004 0.22857 0.228573
2.5 -0.605331 -0.815745 1.01581 0.000971588 0.238427 0.238429
2.6 -0.702532 -0.946496 1.17873 0.000395535 0.246819 0.246819
2.7 -0.789826 -1.06376 1.32492 -0.000593424 0.253721 0.253722
2.8 -0.866815 -1.16699 1.4537 -0.00203479 0.259154 0.259162
2.9 -0.933373 -1.25604 1.56487 -0.00395056 0.26318 0.26321
3 -0.989594 -1.33103 1.65859 -0.00634543 0.265893 0.265968
3.1 -1.03573 -1.39233 1.73532 -0.00920862 0.267407 0.267566
3.2 -1.07217 -1.44046 1.79568 -0.0125168 0.267855 0.268147
3.3 -1.09933 -1.47602 1.84042 -0.0162373 0.267369 0.267862
3.4 -1.1177 -1.49967 1.87037 -0.0203318 0.266084 0.266859
3.5 -1.12777 -1.5121 1.88635 -0.0247593 0.264121 0.265279
3.6 -1.13002 -1.51395 1.88917 -0.0294781 0.261595 0.263251
3.7 -1.1249 -1.50586 1.87963 -0.0344483 0.258604 0.260888
3.8 -1.11286 -1.48845 1.85848 -0.0396321 0.255231 0.258289
3.9 -1.09431 -1.46228 1.82642 -0.0449951 0.251545 0.255538
4 -1.06964 -1.42789 1.7841 -0.050506 0.247604 0.252702
4.1 -1.03923 -1.38579 1.73217 -0.0561369 0.243449 0.249837
4.2 -1.00341 -1.33645 1.6712 -0.0618627 0.239114 0.246987
4.3 -0.962521 -1.28034 1.60178 -0.067661 0.234622 0.244183
4.4 -0.916897 -1.2179 1.52446 -0.0735115 0.22999 0.241452
4.5 -0.866853 -1.14957 1.43977 -0.0793955 0.225227 0.238812
4.6 -0.812702 -1.07578 1.34825 -0.085296 0.220339 0.236273
4.7 -0.754759 -0.996953 1.25043 -0.0911969 0.215327 0.233843
4.8 -0.693338 -0.913524 1.14684 -0.0970829 0.21019 0.231527
4.9 -0.628753 -0.825917 1.03801 -0.102939 0.204923 0.229325
5 -0.561325 -0.734568 0.924487 -0.108751 0.199523 0.227236
5.1 -0.491375 -0.639914 0.806808 -0.114505 0.193984 0.225258
5.2 -0.419232 -0.542397 0.685529 -0.120186 0.1883 0.223387
5.3 -0.345226 -0.442466 0.561211 -0.12578 0.182466 0.221618
5.4 -0.269693 -0.340574 0.434425 -0.131274 0.176477 0.219947
5.5 -0.19297 -0.237177 0.305762 -0.136652 0.170327 0.218369
5.6 -0.115398 -0.132735 0.175884 -0.141901 0.164013 0.216878
5.7 -0.03732 -0.0277087 0.0464817 -0.147007 0.157532 0.21547
5.8 0.040921 0.07744 0.087587 -0.151955 0.150882 0.214139
5.9 0.118982 0.18225 0.217651 -0.156732 0.144061 0.212881
6 0.196523 0.286264 0.34723 -0.161322 0.13707 0.211691
6.1 0.273205 0.389028 0.475378 -0.165712 0.129911 0.210564
6.2 0.348695 0.490095 0.601482 -0.169887 0.122585 0.209497
6.3 0.422663 0.589024 0.724978 -0.173836 0.115096 0.208485
6.4 0.494789 0.685386 0.845323 -0.177543 0.107448 0.207525
6.5 0.564759 0.778762 0.961989 -0.180996 0.0996482 0.206614
6.6 0.632269 0.868747 1.07447 -0.184182 0.0917021 0.205748
6.7 0.697026 0.954949 1.18227 -0.187089 0.083618 0.204925
6.8 0.758749 1.03699 1.28493 -0.189705 0.0754047 0.204142
6.9 0.81717 1.11453 1.382 -0.192019 0.0670719 0.203396
7 0.872035 1.18721 1.47306 -0.194021 0.0586305 0.202686
7.1 0.923106 1.25473 1.55771 -0.195699 0.050092 0.202008
7.2 0.970161 1.31679 1.63559 -0.197045 0.0414689 0.201362
7.3 1.013 1.37312 1.70635 -0.198051 0.0327744 0.200744
7.4 1.05143 1.42348 1.76968 -0.198707 0.0240225 0.200154
7.5 1.08528 1.46765 1.82533 -0.199008 0.0152278 0.19959
7.6 1.11442 1.50543 1.87303 -0.198947 0.00640569 0.19905
7.7 1.13871 1.53667 1.91259 -0.198519 -0.00242812 0.198534
7.8 1.15805 1.56123 1.94384 -0.197718 -0.0112572 0.198039
7.9 1.17235 1.57899 1.96663 -0.196543 -0.0200648 0.197564
8 1.18155 1.5899 1.98087 -0.194989 -0.0288338 0.197109
8.1 1.18562 1.59388 1.98649 -0.193055 -0.0375464 0.196672
8.2 1.18453 1.59094 1.98348 -0.190741 -0.0461851 0.196253
8.3 1.17829 1.58108 1.97185 -0.188047 -0.0547316 0.19585
8.4 1.16693 1.56434 1.95164 -0.184974 -0.0631679 0.195463
8.5 1.15049 1.54081 1.92295 -0.181526 -0.0714757 0.195091
8.6 1.12905 1.51057 1.88589 -0.177704 -0.0796366 0.194732
8.7 1.10271 1.47376 1.84064 -0.173514 -0.0876324 0.194388
8.8 1.07156 1.43055 1.78738 -0.168961 -0.0954449 0.194055
8.9 1.03576 1.38112 1.72635 -0.164051 -0.103056 0.193735
9 0.995456 1.32568 1.65782 -0.158793 -0.110448 0.193427
9.1 0.950822 1.26448 1.58208 -0.153195 -0.117603 0.19313
9.2 0.902054 1.19778 1.49946 -0.147265 -0.124504 0.192843
9.3 0.849363 1.12587 1.41032 -0.141015 -0.131134 0.192566
9.4 0.79298 1.04907 1.31505 -0.134456 -0.137477 0.192298
9.5 0.733149 0.967701 1.21406 -0.127601 -0.143517 0.19204
9.6 0.67013 0.882128 1.1078 -0.120463 -0.149238 0.19179
9.7 0.604197 0.79272 0.996724 -0.113056 -0.154626 0.191549
9.8 0.535637 0.699865 0.881317 -0.105394 -0.159667 0.191315
9.9 0.464749 0.603968 0.762082 -0.0974948 -0.164347 0.191089
10 0.391839 0.505444 0.63954 -0.0893738 -0.168653 0.190871
10.1 0.317226 0.404722 0.51423 -0.0810488 -0.172574 0.190659
10.2 0.241234 0.302241 0.386709 -0.0725376 -0.176099 0.190454
10.3 0.164193 0.198446 0.257566 -0.0638591 -0.179218 0.190255
10.4 0.0864374 0.0937878 0.127544 -0.0550326 -0.181921 0.190063
10.5 0.00830644 -0.0112782 0.0140069 -0.0460779 -0.1842 0.189876
10.6 -0.0698607 -0.116295 0.135665 -0.0370153 -0.186049 0.189695
10.7 -0.147724 -0.220806 0.265665 -0.0278658 -0.18746 0.189519
10.8 -0.224945 -0.324358 0.394725 -0.0186506 -0.188428 0.189349
10.9 -0.301188 -0.426498 0.522126 -0.00939115 -0.18895 0.189184
11 -0.376122 -0.526785 0.647279 -0.000109384 -0.189023 0.189023
11.1 -0.44942 -0.624781 0.769629 0.00917263 -0.188644 0.188867
11.2 -0.520764 -0.72006 0.88864 0.0184326 -0.187813 0.188715
11.3 -0.589843 -0.812209 1.00379 0.0276483 -0.18653 0.188568
11.4 -0.656358 -0.900826 1.11458 0.0367972 -0.184797 0.188425
11.5 -0.72002 -0.985527 1.22053 0.0458569 -0.182616 0.188286
11.6 -0.78055 -1.06594 1.32117 0.0548052 -0.179991 0.18815
11.7 -0.837687 -1.14172 1.41607 0.0636198 -0.176928 0.188018
11.8 -0.891182 -1.21254 1.50481 0.0722788 -0.173431 0.18789
11.9 -0.940802 -1.27808 1.58701 0.0807605 -0.16951 0.187765
12 -0.986331 -1.33807 1.66231 0.0890435 -0.165171 0.187644
12.1 -1.02757 -1.39224 1.73039 0.0971068 -0.160424 0.187525
12.2 -1.06434 -1.44036 1.79094 0.10493 -0.155281 0.18741
12.3 -1.09649 -1.48221 1.8437 0.112492 -0.149752 0.187297
12.4 -1.12387 -1.51762 1.88845 0.119775 -0.143851 0.187188
12.5 -1.14636 -1.54643 1.92499 0.126759 -0.137592 0.187081
12.6 -1.16386 -1.56852 1.95316 0.133427 -0.130988 0.186977
12.7 -1.17631 -1.58378 1.97283 0.139759 -0.124056 0.186876
12.8 -1.18364 -1.59216 1.98393 0.145741 -0.116812 0.186777
12.9 -1.18583 -1.59362 1.98641 0.151356 -0.109274 0.18668
13 -1.18286 -1.58815 1.98024 0.156589 -0.101461 0.186586
13.1 -1.17474 -1.57577 1.96547 0.161425 -0.0933907 0.186494
13.2 -1.16152 -1.55654 1.94215 0.165853 -0.0850839 0.186404
13.3 -1.14325 -1.53055 1.91039 0.169859 -0.076561 0.186316
13.4 -1.12001 -1.4979 1.87032 0.173433 -0.0678432 0.186231
13.5 -1.09189 -1.45873 1.82212 0.176565 -0.0589525 0.186147
13.6 -1.05903 -1.41323 1.766 0.179246 -0.0499112 0.186065
13.7 -1.02157 -1.36158 1.7022 0.181468 -0.0407421 0.185985
13.8 -0.979663 -1.30401 1.631 0.183225 -0.0314686 0.185907
13.9 -0.933497 -1.24077 1.55271 0.184511 -0.0221142 0.185831
14 -0.883273 -1.17213 1.46767 0.185322 -0.0127029 0.185757
14.1 -0.829207 -1.0984 1.37625 0.185655 -0.00325889 0.185684
14.2 -0.771537 -1.01989 1.27885 0.185509 0.00619355 0.185612
14.3 -0.710512 -0.936948 1.17588 0.184883 0.01563 0.185542
14.4 -0.646397 -0.849932 1.06781 0.183778 0.0250259 0.185474
14.5 -0.579472 -0.759221 0.955094 0.182196 0.0343568 0.185407
14.6 -0.510028 -0.665208 0.83823 0.180141 0.0435985 0.185342
14.7 -0.438366 -0.568303 0.717728 0.177617 0.0527267 0.185278
14.8 -0.364797 -0.468928 0.594113 0.17463 0.0617175 0.185215
14.9 -0.289643 -0.367513 0.46793 0.171187 0.0705472 0.185154
15 -0.21323 -0.2645 0.339746 0.167297 0.0791925 0.185094
15.1 -0.135889 -0.160338 0.210176 0.162969 0.0876304 0.185035
15.2 -0.0579572 -0.0554779 0.0802299 0.158214 0.0958388 0.184978
15.3 0.0202263 0.0496231 0.0535869 0.153043 0.103796 0.184921
15.4 0.098322 0.154508 0.183139 0.147471 0.11148 0.184866
15.5 0.17599 0.258722 0.312905 0.14151 0.11887 0.184812
15.6 0.252893 0.36181 0.441431 0.135177 0.125948 0.184759
15.7 0.328696 0.463326 0.568077 0.128487 0.132693 0.184706
15.8 0.403071 0.562827 0.692271 0.121458 0.139088 0.184655
15.9 0.475692 0.65988 0.813465 0.114108 0.145116 0.184605
16 0.546246 0.754065 0.931127 0.106455 0.150759 0.184556
16.1 0.614424 0.844971 1.04475 0.0985211 0.156003 0.184508
16.2 0.679931 0.932203 1.15382 0.0903255 0.160833 0.184461
16.3 0.742481 1.01538 1.25789 0.08189 0.165235 0.184415
16.4 0.801803 1.09415 1.35648 0.0732368 0.169199 0.184369
16.5 0.857639 1.16815 1.44918 0.0643887 0.172712 0.184324
16.6 0.909746 1.23708 1.53558 0.0553692 0.175766 0.184281
16.7 0.957898 1.30063 1.6153 0.046202 0.178351 0.184238
16.8 1.00188 1.35852 1.688 0.0369115 0.180459 0.184196
16.9 1.04151 1.41051 1.75336 0.0275224 0.182086 0.184154
17 1.07662 1.45636 1.8111 0.0180598 0.183226 0.184114
17.1 1.10704 1.49588 1.86097 0.00854875 0.183875 0.184074
17.2 1.13264 1.5289 1.90274 -0.000985156 0.184032 0.184034
17.3 1.15333 1.55527 1.93624 -0.0105164 0.183695 0.183996
17.4 1.16899 1.57488 1.96132 -0.0200195 0.182866 0.183958
17.5 1.17958 1.58764 1.97788 -0.0294687 0.181545 0.183921
17.6 1.18504 1.5935 1.98584 -0.0388388 0.179736 0.183884
17.7 1.18534 1.59243 1.98516 -0.0481043 0.177444 0.183849
17.8 1.18049 1.58443 1.97585 -0.0572403 0.174674 0.183813
17.9 1.17051 1.56955 1.95795 -0.0662221 0.171433 0.183779
18 1.15544 1.54784 1.93154 -0.0750253 0.16773 0.183745
18.1 1.13534 1.5194 1.89673 -0.083626 0.163574 0.183711
18.2 1.11031 1.48435 1.85367 -0.0920009 0.158977 0.183678
18.3 1.08045 1.44286 1.80255 -0.100127 0.153949 0.183646
18.4 1.04589 1.39508 1.7436 -0.107982 0.148506 0.183614
18.5 1.00679 1.34125 1.67707 -0.115545 0.14266 0.183583
18.6 0.963303 1.28158 1.60324 -0.122796 0.136428 0.183552
18.7 0.915632 1.21633 1.52245 -0.129713 0.129826 0.183522
18.8 0.86398 1.1458 1.43504 -0.136278 0.122872 0.183492
18.9 0.808571 1.07029 1.34138 -0.142474 0.115585 0.183463
19 0.749647 0.990124 1.2419 -0.148282 0.107984 0.183434
19.1 0.687463 0.905653 1.13702 -0.153688 0.100089 0.183406
19.2 0.62229 0.817244 1.0272 -0.158675 0.0919216 0.183378
19.3 0.554412 0.725282 0.912911 -0.163231 0.0835044 0.18335
19.4 0.484123 0.630166 0.79466 -0.167342 0.0748598 0.183323
19.5 0.411729 0.53231 0.67296 -0.170998 0.0660113 0.183297
19.6 0.337544 0.43214 0.548344 -0.174187 0.0569828 0.183271
19.7 0.261892 0.330091 0.421364 -0.176901 0.0477989 0.183245
19.8 0.185102 0.226606 0.292597 -0.179132 0.0384845 0.183219
19.9 0.107506 0.122137 0.162711 -0.180874 0.029065 0.183195
20 0.0294435 0.017136 0.034067 -0.182122 0.0195661 0.18317
