r Re(potential) Im(potential) Coupling
0.1 0 0 4.63046
0.2 0 0 5.35716
0.3 0 0 6.18984
0.4 0 0 7.1412
0.5 0 0 8.22452
0.6 0 0 9.45327
0.7 0 0 10.8407
0.8 0 0 12.3991
0.9 0 0 14.1388
1 0 0 16.0675
1.1 0 0 18.1881
1.2 0 0 20.498
1.3 0 0 22.9866
1.4 0 0 25.634
1.5 0 0 28.4091
1.6 0 0 31.2684
1.7 0 0 34.1556
1.8 0 0 37.0016
1.9 0 0 39.7269
2 0 0 42.2443
2.1 0 0 44.4636
2.2 0 0 46.298
2.3 0 0 47.6705
2.4 0 0 48.52
2.5 0 0 48.8077
2.6 0 0 48.52
2.7 0 0 47.6705
2.8 0 0 46.298
2.9 0 0 44.4636
3 0 0 42.2443
3.1 0 0 39.7269
3.2 0 0 37.0016
3.3 0 0 34.1556
3.4 0 0 31.2684
3.5 0 0 28.4091
3.6 0 0 25.634
3.7 0 0 22.9866
3.8 0 0 20.498
3.9 0 0 18.1881
4 0 0 16.0675
4.1 0 0 14.1388
4.2 0 0 12.3991
4.3 0 0 10.8407
4.4 0 0 9.45327
4.5 0 0 8.22452
4.6 0 0 7.1412
4.7 0 0 6.18984
4.8 0 0 5.35716
4.9 0 0 4.63046
5 0 0 3.99784
5.1 0 0 3.4483
5.2 0 0 2.97181
5.3 0 0 2.55932
5.4 0 0 2.20271
5.5 0 0 1.89477
5.6 0 0 1.62914
5.7 0 0 1.40019
5.8 0 0 1.203
5.9 0 0 1.03328
6 0 0 0.887288
6.1 0 0 0.761756
6.2 0 0 0.653863
6.3 0 0 0.561162
6.4 0 0 0.481539
6.5 0 0 0.413164
6.6 0 0 0.354463
6.7 0 0 0.304076
6.8 0 0 0.260832
6.9 0 0 0.223724
7 0 0 0.191884
7.1 0 0 0.164568
7.2 0 0 0.141136
7.3 0 0 0.121035
7.4 0 0 0.103794
7.5 0 0 0.0890072
7.6 0 0 0.0763251
7.7 0 0 0.0654487
7.8 0 0 0.0561213
7.9 0 0 0.0481226
8 0 0 0.0412634
8.1 0 0 0.0353815
8.2 0 0 0.0303378
8.3 0 0 0.0260129
8.4 0 0 0.0223044
8.5 0 0 0.0191245
8.6 0 0 0.0163979
8.7 0 0 0.01406
8.8 0 0 0.0120553
8.9 0 0 0.0103365
9 0 0 0.00886266
9.1 0 0 0.00759898
9.2 0 0 0.00651546
9.3 0 0 0.00558644
9.4 0 0 0.00478987
9.5 0 0 0.00410688
9.6 0 0 0.00352128
9.7 0 0 0.00301917
9.8 0 0 0.00258866
9.9 0 0 0.00221954
10 0 0 0.00190305
10.1 0 0 0.00163168
10.2 0 0 0.00139902
10.3 0 0 0.00119952
10.4 0 0 0.00102848
10.5 0 0 0.000881823
10.6 0 0 0.00075608
10.7 0 0 0.000648266
10.8 0 0 0.000555827
10.9 0 0 0.000476568
11 0 0 0.000408612
11.1 0 0 0.000350346
11.2 0 0 0.000300388
11.3 0 0 0.000257554
11.4 0 0 0.000220828
11.5 0 0 0.000189339
11.6 0 0 0.00016234
11.7 0 0 0.000139191
11.8 0 0 0.000119343
11.9 0 0 0.000102325
12 0 0 8.77338e-05
12.1 0 0 7.52233e-05
12.2 0 0 6.44968e-05
12.3 0 0 5.52998e-05
12.4 0 0 4.74143e-05
12.5 0 0 4.06532e-05
12.6 0 0 3.48562e-05
12.7 0 0 2.98858e-05
12.8 0 0 2.56242e-05
12.9 0 0 2.19703e-05
13 0 0 1.88374e-05
13.1 0 0 1.61513e-05
13.2 0 0 1.38482e-05
13.3 0 0 1.18735e-05
13.4 0 0 1.01804e-05
13.5 0 0 8.72869e-06
13.6 0 0 7.48402e-06
13.7 0 0 6.41683e-06
13.8 0 0 5.50181e-06
13.9 0 0 4.71727e-06
14 0 0 4.04461e-06
14.1 0 0 3.46786e-06
14.2 0 0 2.97336e-06
14.3 0 0 2.54937e-06
14.4 0 0 2.18584e-06
14.5 0 0 1.87415e-06
14.6 0 0 1.6069e-06
14.7 0 0 1.37776e-06
14.8 0 0 1.1813e-06
14.9 0 0 1.01285e-06
15 0 0 8.68423e-07
15.1 0 0 7.44589e-07
15.2 0 0 6.38414e-07
15.3 0 0 5.47378e-07
15.4 0 0 4.69324e-07
15.5 0 0 4.02401e-07
15.6 0 0 3.4502e-07
15.7 0 0 2.95821e-07
15.8 0 0 2.53638e-07
15.9 0 0 2.17471e-07
16 0 0 1.8646e-07
16.1 0 0 1.59872e-07
16.2 0 0 1.37075e-07
16.3 0 0 1.17528e-07
16.4 0 0 1.00769e-07
16.5 0 0 8.63999e-08
16.6 0 0 7.40796e-08
16.7 0 0 6.35162e-08
16.8 0 0 5.4459e-08
16.9 0 0 4.66934e-08
17 0 0 4.00351e-08
17.1 0 0 3.43262e-08
17.2 0 0 2.94314e-08
17.3 0 0 2.52346e-08
17.4 0 0 2.16363e-08
17.5 0 0 1.8551e-08
17.6 0 0 1.59057e-08
17.7 0 0 1.36376e-08
17.8 0 0 1.1693e-08
17.9 0 0 1.00256e-08
18 0 0 8.59598e-09
18.1 0 0 7.37022e-09
18.2 0 0 6.31926e-09
18.3 0 0 5.41816e-09
18.4 0 0 4.64555e-09
18.5 0 0 3.98311e-09
18.6 0 0 3.41514e-09
18.7 0 0 2.92815e-09
18.8 0 0 2.51061e-09
18.9 0 0 2.15261e-09
19 0 0 1.84565e-09
19.1 0 0 1.58247e-09
19.2 0 0 1.35682e-09
19.3 0 0 1.16334e-09
19.4 0 0 9.97451e-10
19.5 0 0 8.55219e-10
19.6 0 0 7.33268e-10
19.7 0 0 6.28707e-10
19.8 0 0 5.39056e-10
19.9 0 0 4.62188e-10
