r		Channel 1		Channel 2
-----------------------------------------------------------
0		0		0
0.01		4.06893e-05		2.74779e-20
0.02		5.03618e-05		4.27762e-20
0.03		3.71502e-05		4.80664e-20
0.04		7.96615e-06		4.52791e-20
0.05		-3.13744e-05		3.61234e-20
0.06		-7.60359e-05		2.21044e-20
0.07		-0.000122056		4.54012e-21
0.08		-0.00016625		-1.54225e-20
0.09		-0.000206115		-3.67932e-20
0.1		-0.000239754		-5.87242e-20
0.11		-0.000265794		-8.04976e-20
0.12		-0.000283321		-1.01513e-19
0.13		-0.000291815		-1.21277e-19
0.14		-0.00029109		-1.39391e-19
0.15		-0.000281246		-1.55543e-19
0.16		-0.000262619		-1.69498e-19
0.17		-0.00023574		-1.81091e-19
0.18		-0.000201293		-1.90215e-19
0.19		-0.000160085		-1.96818e-19
0.2		-0.000113013		-2.00895e-19
0.21		-6.1038e-05		-2.02483e-19
0.22		-5.15828e-06		-2.01651e-19
0.23		5.36088e-05		-1.98499e-19
0.24		0.000114246		-1.93154e-19
0.25		0.000175754		-1.8576e-19
0.26		0.000237163		-1.76482e-19
0.27		0.000297542		-1.65494e-19
0.28		0.000356016		-1.52983e-19
0.29		0.000411765		-1.3914e-19
0.3		0.000464037		-1.24163e-19
0.31		0.000512148		-1.0825e-19
0.32		0.000555489		-9.15981e-20
0.33		0.000593527		-7.44043e-20
0.34		0.000625806		-5.68601e-20
0.35		0.000651947		-3.91523e-20
0.36		0.00067165		-2.14608e-20
0.37		0.000684689		-3.9582e-21
0.38		0.000690913		1.31918e-20
0.39		0.000690242		2.98345e-20
0.4		0.000682667		4.58253e-20
0.41		0.000668242		6.103e-20
0.42		0.000647084		7.5325e-20
0.43		0.000619369		8.85978e-20
0.44		0.000585325		1.00747e-19
0.45		0.00054523		1.11683e-19
0.46		0.00049941		1.21326e-19
0.47		0.000448228		1.29608e-19
0.48		0.000392085		1.36474e-19
0.49		0.000331414		1.41875e-19
0.5		0.000266675		1.45777e-19
0.51		0.000198351		1.48154e-19
0.52		0.000126943		1.4899e-19
0.53		5.29666e-05		1.48279e-19
0.54		-2.30522e-05		1.46023e-19
0.55		-0.000100581		1.42233e-19
0.56		-0.000179086		1.36927e-19
0.57		-0.000258032		1.30133e-19
0.58		-0.000336892		1.21884e-19
0.59		-0.000415144		1.12221e-19
0.6		-0.000492277		1.01188e-19
0.61		-0.000567795		8.88389e-20
0.62		-0.000641217		7.52294e-20
0.63		-0.000712083		6.04211e-20
0.64		-0.00077995		4.44793e-20
0.65		-0.0008444		2.74726e-20
0.66		-0.000905042		9.47293e-21
0.67		-0.000961507		-9.44531e-21
0.68		-0.00101346		-2.92057e-20
0.69		-0.00106058		-4.973e-20
0.7		-0.00110259		-7.09391e-20
0.71		-0.00113925		-9.27527e-20
0.72		-0.00117033		-1.15091e-19
0.73		-0.00119565		-1.37872e-19
0.74		-0.00121504		-1.61017e-19
0.75		-0.00122839		-1.84446e-19
0.76		-0.0012356		-2.08081e-19
0.77		-0.00123661		-2.31845e-19
0.78		-0.00123139		-2.55663e-19
0.79		-0.00121995		-2.79461e-19
0.8		-0.00120231		-3.03168e-19
0.81		-0.00117854		-3.26716e-19
0.82		-0.00114872		-3.50038e-19
0.83		-0.00111297		-3.73071e-19
0.84		-0.00107143		-3.95755e-19
0.85		-0.00102427		-4.18033e-19
0.86		-0.000971683		-4.3985e-19
0.87		-0.000913884		-4.61158e-19
0.88		-0.000851111		-4.81908e-19
0.89		-0.000783618		-5.02057e-19
0.9		-0.000711682		-5.21567e-19
0.91		-0.000635595		-5.40401e-19
0.92		-0.000555666		-5.58527e-19
0.93		-0.000472217		-5.75918e-19
0.94		-0.000385584		-5.92548e-19
0.95		-0.000296112		-6.08398e-19
0.96		-0.000204158		-6.23451e-19
0.97		-0.000110087		-6.37693e-19
0.98		-1.42677e-05		-6.51116e-19
0.99		8.29236e-05		-6.63713e-19
1		0.000181108		-6.75484e-19
1.01		0.000279905		-6.86429e-19
1.02		0.000378933		-6.96554e-19
1.03		0.000477811		-7.05868e-19
1.04		0.000576162		-7.14381e-19
1.05		0.000673611		-7.2211e-19
1.06		0.000769789		-7.29071e-19
1.07		0.000864332		-7.35286e-19
1.08		0.000956885		-7.40779e-19
1.09		0.0010471		-7.45575e-19
1.1		0.00113464		-7.49705e-19
1.11		0.00121918		-7.53199e-19
1.12		0.00130041		-7.56091e-19
1.13		0.00137802		-7.58416e-19
1.14		0.00145172		-7.60213e-19
1.15		0.00152125		-7.61521e-19
1.16		0.00158633		-7.62381e-19
1.17		0.00164674		-7.62837e-19
1.18		0.00170223		-7.62932e-19
1.19		0.00175262		-7.62711e-19
1.2		0.00179769		-7.62223e-19
1.21		0.00183728		-7.61512e-19
1.22		0.00187124		-7.6063e-19
1.23		0.00189943		-7.59623e-19
1.24		0.00192172		-7.58541e-19
1.25		0.00193802		-7.57435e-19
1.26		0.00194826		-7.56354e-19
1.27		0.00195237		-7.55348e-19
1.28		0.00195031		-7.54468e-19
1.29		0.00194206		-7.53763e-19
1.3		0.00192762		-7.53284e-19
1.31		0.001907		-7.53078e-19
1.32		0.00188024		-7.53195e-19
1.33		0.00184739		-7.53683e-19
1.34		0.00180853		-7.5459e-19
1.35		0.00176375		-7.55961e-19
1.36		0.00171315		-7.57842e-19
1.37		0.00165685		-7.60277e-19
1.38		0.001595		-7.6331e-19
1.39		0.00152775		-7.66984e-19
1.4		0.00145528		-7.71337e-19
1.41		0.00137777		-7.76411e-19
1.42		0.00129542		-7.82243e-19
1.43		0.00120845		-7.8887e-19
1.44		0.00111707		-7.96326e-19
1.45		0.00102155		-8.04645e-19
1.46		0.000922108		-8.13859e-19
1.47		0.000819021		-8.23997e-19
1.48		0.000712557		-8.35088e-19
1.49		0.000602995		-8.47158e-19
1.5		0.000490621		-8.60233e-19
1.51		0.00037573		-8.74334e-19
1.52		0.000258624		-8.89483e-19
1.53		0.00013961		-9.057e-19
1.54		1.89987e-05		-9.23001e-19
1.55		-0.000102894		-9.41402e-19
1.56		-0.000225748		-9.60918e-19
1.57		-0.000349244		-9.81559e-19
1.58		-0.000473058		-1.00334e-18
1.59		-0.000596867		-1.02626e-18
1.6		-0.000720348		-1.05033e-18
1.61		-0.00084318		-1.07556e-18
1.62		-0.00096504		-1.10195e-18
1.63		-0.00108561		-1.12949e-18
1.64		-0.00120458		-1.1582e-18
1.65		-0.00132164		-1.18807e-18
1.66		-0.00143648		-1.21909e-18
1.67		-0.0015488		-1.25125e-18
1.68		-0.00165831		-1.28457e-18
1.69		-0.00176472		-1.31901e-18
1.7		-0.00186775		-1.35459e-18
1.71		-0.00196714		-1.39128e-18
1.72		-0.00206261		-1.42907e-18
1.73		-0.00215392		-1.46795e-18
1.74		-0.00224083		-1.50791e-18
1.75		-0.00232309		-1.54893e-18
1.76		-0.0024005		-1.591e-18
1.77		-0.00247284		-1.63409e-18
1.78		-0.00253992		-1.67819e-18
1.79		-0.00260154		-1.72329e-18
1.8		-0.00265754		-1.76936e-18
1.81		-0.00270775		-1.81638e-18
1.82		-0.00275203		-1.86433e-18
1.83		-0.00279025		-1.91319e-18
1.84		-0.00282229		-1.96293e-18
1.85		-0.00284804		-2.01355e-18
1.86		-0.00286742		-2.06501e-18
1.87		-0.00288033		-2.11729e-18
1.88		-0.00288674		-2.17037e-18
1.89		-0.00288658		-2.22423e-18
1.9		-0.00287983		-2.27884e-18
1.91		-0.00286646		-2.33419e-18
1.92		-0.00284648		-2.39024e-18
1.93		-0.00281989		-2.44699e-18
1.94		-0.00278673		-2.5044e-18
1.95		-0.00274703		-2.56245e-18
1.96		-0.00270085		-2.62113e-18
1.97		-0.00264826		-2.68041e-18
1.98		-0.00258934		-2.74027e-18
1.99		-0.00252419		-2.8007e-18
2		-0.00245291		-2.86168e-18
2.01		-0.00237564		-2.92318e-18
2.02		-0.00229251		-2.9852e-18
2.03		-0.00220367		-3.04771e-18
2.04		-0.00210927		-3.1107e-18
2.05		-0.00200951		-3.17416e-18
2.06		-0.00190455		-3.23807e-18
2.07		-0.0017946		-3.30242e-18
2.08		-0.00167986		-3.3672e-18
2.09		-0.00156055		-3.43241e-18
2.1		-0.0014369		-3.49802e-18
2.11		-0.00130914		-3.56404e-18
2.12		-0.00117753		-3.63046e-18
2.13		-0.00104231		-3.69727e-18
2.14		-0.000903742		-3.76448e-18
2.15		-0.0007621		-3.83207e-18
2.16		-0.000617658		-3.90005e-18
2.17		-0.000470697		-3.96841e-18
2.18		-0.000321504		-4.03717e-18
2.19		-0.000170372		-4.10632e-18
2.2		-1.75976e-05		-4.17588e-18
2.21		0.000136519		-4.24584e-18
2.22		0.000291675		-4.31621e-18
2.23		0.000447562		-4.38701e-18
2.24		0.000603874		-4.45824e-18
2.25		0.000760299		-4.52992e-18
2.26		0.000916528		-4.60206e-18
2.27		0.00107225		-4.67468e-18
2.28		0.00122715		-4.74779e-18
2.29		0.00138093		-4.82142e-18
2.3		0.00153326		-4.89558e-18
2.31		0.00168386		-4.97029e-18
2.32		0.00183241		-5.04558e-18
2.33		0.00197862		-5.12148e-18
2.34		0.00212218		-5.198e-18
2.35		0.00226282		-5.27518e-18
2.36		0.00240023		-5.35305e-18
2.37		0.00253414		-5.43163e-18
2.38		0.00266427		-5.51095e-18
2.39		0.00279035		-5.59106e-18
2.4		0.00291213		-5.67197e-18
2.41		0.00302935		-5.75374e-18
2.42		0.00314175		-5.83639e-18
2.43		0.00324911		-5.91997e-18
2.44		0.00335119		-6.00451e-18
2.45		0.00344777		-6.09005e-18
2.46		0.00353865		-6.17663e-18
2.47		0.00362362		-6.2643e-18
2.48		0.00370248		-6.3531e-18
2.49		0.00377507		-6.44308e-18
2.5		0.00384121		-6.53427e-18
2.51		0.00390075		-6.62673e-18
2.52		0.00395353		-6.7205e-18
2.53		0.00399944		-6.81563e-18
2.54		0.00403833		-6.91217e-18
2.55		0.00407011		-7.01017e-18
2.56		0.00409468		-7.10967e-18
2.57		0.00411195		-7.21074e-18
2.58		0.00412185		-7.31341e-18
2.59		0.00412433		-7.41775e-18
2.6		0.00411933		-7.5238e-18
2.61		0.00410683		-7.63162e-18
2.62		0.00408681		-7.74126e-18
2.63		0.00405925		-7.85277e-18
2.64		0.00402418		-7.96622e-18
2.65		0.00398161		-8.08164e-18
2.66		0.00393156		-8.19911e-18
2.67		0.0038741		-8.31866e-18
2.68		0.00380928		-8.44037e-18
2.69		0.00373718		-8.56427e-18
2.7		0.00365787		-8.69044e-18
2.71		0.00357147		-8.81891e-18
2.72		0.00347807		-8.94976e-18
2.73		0.00337781		-9.08303e-18
2.74		0.00327083		-9.21878e-18
2.75		0.00315726		-9.35706e-18
2.76		0.00303727		-9.49793e-18
2.77		0.00291103		-9.64145e-18
2.78		0.00277873		-9.78767e-18
2.79		0.00264055		-9.93664e-18
2.8		0.00249671		-1.00884e-17
2.81		0.00234742		-1.02431e-17
2.82		0.0021929		-1.04006e-17
2.83		0.00203338		-1.05611e-17
2.84		0.00186911		-1.07247e-17
2.85		0.00170035		-1.08913e-17
2.86		0.00152735		-1.10611e-17
2.87		0.00135038		-1.1234e-17
2.88		0.00116972		-1.14101e-17
2.89		0.000985658		-1.15896e-17
2.9		0.000798474		-1.17724e-17
2.91		0.000608469		-1.19585e-17
2.92		0.000415947		-1.21481e-17
2.93		0.000221214		-1.23412e-17
2.94		2.45823e-05		-1.25379e-17
2.95		-0.00017363		-1.27381e-17
2.96		-0.000373104		-1.29419e-17
2.97		-0.000573515		-1.31494e-17
2.98		-0.000774536		-1.33606e-17
2.99		-0.000975838		-1.35757e-17
3		-0.00117709		-1.37945e-17
3.01		-0.00137796		-1.40172e-17
3.02		-0.00157812		-1.42438e-17
3.03		-0.00177724		-1.44744e-17
3.04		-0.00197497		-1.4709e-17
3.05		-0.002171		-1.49476e-17
3.06		-0.00236498		-1.51904e-17
3.07		-0.0025566		-1.54373e-17
3.08		-0.00274552		-1.56883e-17
3.09		-0.00293143		-1.59436e-17
3.1		-0.00311401		-1.62032e-17
3.11		-0.00329293		-1.64671e-17
3.12		-0.0034679		-1.67353e-17
3.13		-0.0036386		-1.7008e-17
3.14		-0.00380473		-1.72851e-17
3.15		-0.003966		-1.75667e-17
3.16		-0.00412213		-1.78529e-17
3.17		-0.00427282		-1.81436e-17
3.18		-0.00441782		-1.8439e-17
3.19		-0.00455685		-1.8739e-17
3.2		-0.00468966		-1.90438e-17
3.21		-0.00481599		-1.93533e-17
3.22		-0.00493561		-1.96676e-17
3.23		-0.00504829		-1.99868e-17
3.24		-0.00515381		-2.03109e-17
3.25		-0.00525195		-2.064e-17
3.26		-0.00534252		-2.09741e-17
3.27		-0.00542533		-2.13132e-17
3.28		-0.0055002		-2.16574e-17
3.29		-0.00556697		-2.20068e-17
3.3		-0.00562548		-2.23614e-17
3.31		-0.00567559		-2.27212e-17
3.32		-0.00571717		-2.30863e-17
3.33		-0.0057501		-2.34568e-17
3.34		-0.00577428		-2.38328e-17
3.35		-0.00578961		-2.42142e-17
3.36		-0.00579602		-2.46011e-17
3.37		-0.00579345		-2.49937e-17
3.38		-0.00578183		-2.53919e-17
3.39		-0.00576114		-2.57958e-17
3.4		-0.00573135		-2.62055e-17
3.41		-0.00569244		-2.66211e-17
3.42		-0.00564442		-2.70426e-17
3.43		-0.00558731		-2.74701e-17
3.44		-0.00552114		-2.79037e-17
3.45		-0.00544595		-2.83433e-17
3.46		-0.0053618		-2.87893e-17
3.47		-0.00526876		-2.92414e-17
3.48		-0.00516692		-2.97e-17
3.49		-0.00505638		-3.0165e-17
3.5		-0.00493725		-3.06366e-17
3.51		-0.00480965		-3.11148e-17
3.52		-0.00467373		-3.15997e-17
3.53		-0.00452965		-3.20915e-17
3.54		-0.00437756		-3.25901e-17
3.55		-0.00421764		-3.30957e-17
3.56		-0.0040501		-3.36085e-17
3.57		-0.00387512		-3.41284e-17
3.58		-0.00369292		-3.46557e-17
3.59		-0.00350374		-3.51904e-17
3.6		-0.00330782		-3.57326e-17
3.61		-0.00310539		-3.62825e-17
3.62		-0.00289673		-3.68402e-17
3.63		-0.00268211		-3.74058e-17
3.64		-0.00246181		-3.79793e-17
3.65		-0.00223611		-3.85611e-17
3.66		-0.00200533		-3.91511e-17
3.67		-0.00176976		-3.97495e-17
3.68		-0.00152974		-4.03565e-17
3.69		-0.00128559		-4.09722e-17
3.7		-0.00103764		-4.15967e-17
3.71		-0.000786239		-4.22302e-17
3.72		-0.000531732		-4.28729e-17
3.73		-0.000274477		-4.35249e-17
3.74		-1.48358e-05		-4.41863e-17
3.75		0.000246825		-4.48574e-17
3.76		0.000510132		-4.55383e-17
3.77		0.000774709		-4.62292e-17
3.78		0.00104018		-4.69302e-17
3.79		0.00130615		-4.76415e-17
3.8		0.00157224		-4.83634e-17
3.81		0.00183806		-4.90959e-17
3.82		0.00210321		-4.98394e-17
3.83		0.00236732		-5.05939e-17
3.84		0.00262997		-5.13597e-17
3.85		0.00289079		-5.21371e-17
3.86		0.00314937		-5.29261e-17
3.87		0.00340532		-5.37271e-17
3.88		0.00365826		-5.45401e-17
3.89		0.0039078		-5.53656e-17
3.9		0.00415355		-5.62036e-17
3.91		0.00439512		-5.70544e-17
3.92		0.00463215		-5.79182e-17
3.93		0.00486425		-5.87954e-17
3.94		0.00509105		-5.9686e-17
3.95		0.0053122		-6.05904e-17
3.96		0.00552733		-6.15088e-17
3.97		0.00573609		-6.24414e-17
3.98		0.00593814		-6.33886e-17
3.99		0.00613314		-6.43505e-17
4		0.00632076		-6.53274e-17
4.01		0.00650067		-6.63197e-17
4.02		0.00667258		-6.73275e-17
4.03		0.00683617		-6.83512e-17
4.04		0.00699115		-6.93909e-17
4.05		0.00713725		-7.04471e-17
4.06		0.00727418		-7.152e-17
4.07		0.00740169		-7.26098e-17
4.08		0.00751954		-7.37169e-17
4.09		0.00762748		-7.48415e-17
4.1		0.00772529		-7.5984e-17
4.11		0.00781277		-7.71446e-17
4.12		0.00788971		-7.83237e-17
4.13		0.00795593		-7.95216e-17
4.14		0.00801126		-8.07385e-17
4.15		0.00805554		-8.19748e-17
4.16		0.00808864		-8.32308e-17
4.17		0.00811042		-8.45068e-17
4.18		0.00812079		-8.58031e-17
4.19		0.00811963		-8.71201e-17
4.2		0.00810687		-8.84581e-17
4.21		0.00808245		-8.98173e-17
4.22		0.00804631		-9.11982e-17
4.23		0.00799842		-9.2601e-17
4.24		0.00793878		-9.40261e-17
4.25		0.00786736		-9.54738e-17
4.26		0.0077842		-9.69445e-17
4.27		0.00768933		-9.84384e-17
4.28		0.00758279		-9.9956e-17
4.29		0.00746465		-1.01498e-16
4.3		0.00733499		-1.03063e-16
4.31		0.00719392		-1.04654e-16
4.32		0.00704154		-1.06269e-16
4.33		0.00687799		-1.0791e-16
4.34		0.00670341		-1.09577e-16
4.35		0.00651798		-1.11269e-16
4.36		0.00632187		-1.12988e-16
4.37		0.00611527		-1.14733e-16
4.38		0.00589841		-1.16506e-16
4.39		0.00567151		-1.18306e-16
4.4		0.00543481		-1.20133e-16
4.41		0.00518858		-1.21989e-16
4.42		0.00493308		-1.23873e-16
4.43		0.00466861		-1.25786e-16
4.44		0.00439546		-1.27727e-16
4.45		0.00411396		-1.29699e-16
4.46		0.00382444		-1.317e-16
4.47		0.00352724		-1.33731e-16
4.48		0.00322272		-1.35792e-16
4.49		0.00291125		-1.37884e-16
4.5		0.0025932		-1.40007e-16
4.51		0.00226899		-1.42162e-16
4.52		0.001939		-1.44348e-16
4.53		0.00160366		-1.46567e-16
4.54		0.00126339		-1.48817e-16
4.55		0.000918628		-1.51101e-16
4.56		0.000569823		-1.53417e-16
4.57		0.000217427		-1.55766e-16
4.58		-0.000138096		-1.5815e-16
4.59		-0.000496278		-1.60567e-16
4.6		-0.000856639		-1.63018e-16
4.61		-0.0012187		-1.65504e-16
4.62		-0.00158196		-1.68024e-16
4.63		-0.00194594		-1.7058e-16
4.64		-0.00231012		-1.73171e-16
4.65		-0.00267401		-1.75797e-16
4.66		-0.00303711		-1.7846e-16
4.67		-0.00339889		-1.81158e-16
4.68		-0.00375886		-1.83893e-16
4.69		-0.00411648		-1.86665e-16
4.7		-0.00447126		-1.89473e-16
4.71		-0.00482268		-1.92319e-16
4.72		-0.00517022		-1.95202e-16
4.73		-0.00551337		-1.98123e-16
4.74		-0.00585162		-2.01082e-16
4.75		-0.00618447		-2.04079e-16
4.76		-0.00651141		-2.07114e-16
4.77		-0.00683194		-2.10188e-16
4.78		-0.00714557		-2.133e-16
4.79		-0.00745181		-2.16451e-16
4.8		-0.00775018		-2.19642e-16
4.81		-0.00804019		-2.22872e-16
4.82		-0.00832139		-2.26141e-16
4.83		-0.00859331		-2.2945e-16
4.84		-0.0088555		-2.32799e-16
4.85		-0.00910752		-2.36187e-16
4.86		-0.00934894		-2.39616e-16
4.87		-0.00957935		-2.43085e-16
4.88		-0.00979832		-2.46595e-16
4.89		-0.0100055		-2.50145e-16
4.9		-0.0102004		-2.53736e-16
4.91		-0.0103828		-2.57367e-16
4.92		-0.0105522		-2.61039e-16
4.93		-0.0107084		-2.64753e-16
4.94		-0.010851		-2.68507e-16
4.95		-0.0109797		-2.72302e-16
4.96		-0.0110942		-2.76139e-16
4.97		-0.0111942		-2.80016e-16
4.98		-0.0112794		-2.83936e-16
4.99		-0.0113498		-2.87896e-16
5		-0.0114049		-2.91898e-16
5.01		-0.0114446		-2.95941e-16
5.02		-0.0114688		-3.00025e-16
5.03		-0.0114772		-3.04151e-16
5.04		-0.0114697		-3.08318e-16
5.05		-0.0114462		-3.12527e-16
5.06		-0.0114066		-3.16776e-16
5.07		-0.0113508		-3.21068e-16
5.08		-0.0112787		-3.254e-16
5.09		-0.0111904		-3.29774e-16
5.1		-0.0110857		-3.34189e-16
5.11		-0.0109648		-3.38645e-16
5.12		-0.0108276		-3.43142e-16
5.13		-0.0106741		-3.4768e-16
5.14		-0.0105045		-3.52259e-16
5.15		-0.0103188		-3.56878e-16
5.16		-0.0101172		-3.61538e-16
5.17		-0.00989983		-3.66239e-16
5.18		-0.00966679		-3.7098e-16
5.19		-0.0094183		-3.75761e-16
5.2		-0.00915458		-3.80582e-16
5.21		-0.00887585		-3.85443e-16
5.22		-0.00858236		-3.90344e-16
5.23		-0.0082744		-3.95285e-16
5.24		-0.00795227		-4.00264e-16
5.25		-0.00761627		-4.05283e-16
5.26		-0.00726677		-4.10341e-16
5.27		-0.00690412		-4.15438e-16
5.28		-0.0065287		-4.20573e-16
5.29		-0.00614093		-4.25746e-16
5.3		-0.00574123		-4.30957e-16
5.31		-0.00533005		-4.36206e-16
5.32		-0.00490786		-4.41493e-16
5.33		-0.00447514		-4.46817e-16
5.34		-0.0040324		-4.52178e-16
5.35		-0.00358017		-4.57575e-16
5.36		-0.00311898		-4.63009e-16
5.37		-0.00264939		-4.68479e-16
5.38		-0.00217199		-4.73984e-16
5.39		-0.00168736		-4.79525e-16
5.4		-0.00119611		-4.85101e-16
5.41		-0.000698856		-4.90712e-16
5.42		-0.000196246		-4.96358e-16
5.43		0.000311075		-5.02037e-16
5.44		0.000822445		-5.0775e-16
5.45		0.00133719		-5.13496e-16
5.46		0.00185462		-5.19276e-16
5.47		0.00237405		-5.25088e-16
5.48		0.00289476		-5.30932e-16
5.49		0.00341604		-5.36807e-16
5.5		0.00393718		-5.42715e-16
5.51		0.00445745		-5.48653e-16
5.52		0.0049761		-5.54622e-16
5.53		0.0054924		-5.6062e-16
5.54		0.00600561		-5.66649e-16
5.55		0.00651498		-5.72707e-16
5.56		0.00701977		-5.78794e-16
5.57		0.00751921		-5.84909e-16
5.58		0.00801257		-5.91052e-16
5.59		0.0084991		-5.97222e-16
5.6		0.00897804		-6.03419e-16
5.61		0.00944866		-6.09643e-16
5.62		0.00991022		-6.15893e-16
5.63		0.010362		-6.22169e-16
5.64		0.0108032		-6.2847e-16
5.65		0.0112332		-6.34795e-16
5.66		0.0116512		-6.41144e-16
5.67		0.0120566		-6.47517e-16
5.68		0.0124485		-6.53914e-16
5.69		0.0128265		-6.60332e-16
5.7		0.0131897		-6.66773e-16
5.71		0.0135376		-6.73236e-16
5.72		0.0138695		-6.79719e-16
5.73		0.0141847		-6.86224e-16
5.74		0.0144827		-6.92748e-16
5.75		0.0147629		-6.99292e-16
5.76		0.0150246		-7.05855e-16
5.77		0.0152674		-7.12436e-16
5.78		0.0154908		-7.19036e-16
5.79		0.0156941		-7.25652e-16
5.8		0.0158769		-7.32286e-16
5.81		0.0160387		-7.38936e-16
5.82		0.0161792		-7.45602e-16
5.83		0.0162978		-7.52284e-16
5.84		0.0163943		-7.5898e-16
5.85		0.0164682		-7.6569e-16
5.86		0.0165191		-7.72414e-16
5.87		0.0165469		-7.79152e-16
5.88		0.0165512		-7.85902e-16
5.89		0.0165318		-7.92664e-16
5.9		0.0164884		-7.99438e-16
5.91		0.0164209		-8.06222e-16
5.92		0.0163291		-8.13018e-16
5.93		0.0162129		-8.19823e-16
5.94		0.0160722		-8.26638e-16
5.95		0.0159069		-8.33462e-16
5.96		0.0157171		-8.40294e-16
5.97		0.0155028		-8.47135e-16
5.98		0.0152639		-8.53982e-16
5.99		0.0150006		-8.60837e-16
6		0.0147131		-8.67698e-16
6.01		0.0144014		-8.74564e-16
6.02		0.0140657		-8.81436e-16
6.03		0.0137063		-8.88313e-16
6.04		0.0133235		-8.95195e-16
6.05		0.0129175		-9.0208e-16
6.06		0.0124888		-9.08968e-16
6.07		0.0120375		-9.15859e-16
6.08		0.0115643		-9.22753e-16
6.09		0.0110695		-9.29649e-16
6.1		0.0105536		-9.36545e-16
6.11		0.0100171		-9.43443e-16
6.12		0.00946056		-9.50341e-16
6.13		0.00888462		-9.5724e-16
6.14		0.00828987		-9.64137e-16
6.15		0.00767698		-9.71034e-16
6.16		0.00704664		-9.77929e-16
6.17		0.00639958		-9.84823e-16
6.18		0.00573655		-9.91714e-16
6.19		0.00505835		-9.98603e-16
6.2		0.00436581		-1.00549e-15
6.21		0.00365977		-1.01237e-15
6.22		0.00294113		-1.01925e-15
6.23		0.00221079		-1.02612e-15
6.24		0.0014697		-1.03299e-15
6.25		0.000718835		-1.03985e-15
6.26		-4.08202e-05		-1.04671e-15
6.27		-0.00080824		-1.05356e-15
6.28		-0.00158238		-1.06041e-15
6.29		-0.00236217		-1.06724e-15
6.3		-0.00314653		-1.07408e-15
6.31		-0.00393434		-1.0809e-15
6.32		-0.00472447		-1.08771e-15
6.33		-0.00551579		-1.09452e-15
6.34		-0.00630711		-1.10132e-15
6.35		-0.00709728		-1.10811e-15
6.36		-0.00788509		-1.11489e-15
6.37		-0.00866934		-1.12166e-15
6.38		-0.00944882		-1.12842e-15
6.39		-0.0102223		-1.13517e-15
6.4		-0.0109886		-1.14191e-15
6.41		-0.0117464		-1.14864e-15
6.42		-0.0124945		-1.15536e-15
6.43		-0.0132317		-1.16207e-15
6.44		-0.0139567		-1.16876e-15
6.45		-0.0146683		-1.17545e-15
6.46		-0.0153652		-1.18212e-15
6.47		-0.0160463		-1.18878e-15
6.48		-0.0167102		-1.19542e-15
6.49		-0.0173559		-1.20205e-15
6.5		-0.017982		-1.20867e-15
6.51		-0.0185874		-1.21528e-15
6.52		-0.0191709		-1.22187e-15
6.53		-0.0197314		-1.22845e-15
6.54		-0.0202677		-1.23501e-15
6.55		-0.0207787		-1.24156e-15
6.56		-0.0212634		-1.2481e-15
6.57		-0.0217205		-1.25462e-15
6.58		-0.0221491		-1.26112e-15
6.59		-0.0225483		-1.26762e-15
6.6		-0.0229169		-1.27409e-15
6.61		-0.023254		-1.28055e-15
6.62		-0.0235588		-1.287e-15
6.63		-0.0238303		-1.29342e-15
6.64		-0.0240677		-1.29984e-15
6.65		-0.0242702		-1.30623e-15
6.66		-0.024437		-1.31261e-15
6.67		-0.0245674		-1.31898e-15
6.68		-0.0246607		-1.32533e-15
6.69		-0.0247164		-1.33166e-15
6.7		-0.0247338		-1.33797e-15
6.71		-0.0247124		-1.34427e-15
6.72		-0.0246517		-1.35055e-15
6.73		-0.0245513		-1.35682e-15
6.74		-0.0244109		-1.36306e-15
6.75		-0.0242301		-1.36929e-15
6.76		-0.0240087		-1.37551e-15
6.77		-0.0237465		-1.3817e-15
6.78		-0.0234434		-1.38788e-15
6.79		-0.0230993		-1.39404e-15
6.8		-0.0227141		-1.40019e-15
6.81		-0.022288		-1.40631e-15
6.82		-0.0218211		-1.41242e-15
6.83		-0.0213135		-1.41851e-15
6.84		-0.0207655		-1.42458e-15
6.85		-0.0201775		-1.43064e-15
6.86		-0.0195498		-1.43668e-15
6.87		-0.0188829		-1.4427e-15
6.88		-0.0181773		-1.4487e-15
6.89		-0.0174336		-1.45468e-15
6.9		-0.0166526		-1.46065e-15
6.91		-0.0158348		-1.4666e-15
6.92		-0.0149812		-1.47253e-15
6.93		-0.0140926		-1.47844e-15
6.94		-0.0131699		-1.48434e-15
6.95		-0.0122142		-1.49021e-15
6.96		-0.0112266		-1.49607e-15
6.97		-0.0102082		-1.50191e-15
6.98		-0.00916026		-1.50773e-15
6.99		-0.00808406		-1.51354e-15
7		-0.00698095		-1.51932e-15
7.01		-0.00585236		-1.52509e-15
7.02		-0.00469978		-1.53084e-15
7.03		-0.00352477		-1.53658e-15
7.04		-0.00232893		-1.54229e-15
7.05		-0.00111395		-1.54799e-15
7.06		0.000118442		-1.55366e-15
7.07		0.00136645		-1.55932e-15
7.08		0.00262824		-1.56497e-15
7.09		0.00390189		-1.57059e-15
7.1		0.00518545		-1.5762e-15
7.11		0.00647693		-1.58178e-15
7.12		0.00777427		-1.58735e-15
7.13		0.00907537		-1.59291e-15
7.14		0.0103781		-1.59844e-15
7.15		0.0116803		-1.60396e-15
7.16		0.0129797		-1.60945e-15
7.17		0.0142741		-1.61493e-15
7.18		0.0155612		-1.6204e-15
7.19		0.0168387		-1.62584e-15
7.2		0.0181043		-1.63126e-15
7.21		0.0193556		-1.63667e-15
7.22		0.0205902		-1.64206e-15
7.23		0.0218058		-1.64743e-15
7.24		0.023		-1.65279e-15
7.25		0.0241703		-1.65812e-15
7.26		0.0253143		-1.66344e-15
7.27		0.0264297		-1.66874e-15
7.28		0.0275141		-1.67402e-15
7.29		0.028565		-1.67928e-15
7.3		0.0295801		-1.68453e-15
7.31		0.030557		-1.68975e-15
7.32		0.0314934		-1.69496e-15
7.33		0.032387		-1.70015e-15
7.34		0.0332355		-1.70532e-15
7.35		0.0340366		-1.71048e-15
7.36		0.0347881		-1.71561e-15
7.37		0.0354879		-1.72073e-15
7.38		0.0361339		-1.72583e-15
7.39		0.036724		-1.73091e-15
7.4		0.0372562		-1.73597e-15
7.41		0.0377286		-1.74101e-15
7.42		0.0381392		-1.74603e-15
7.43		0.0384864		-1.75104e-15
7.44		0.0387684		-1.75603e-15
7.45		0.0389835		-1.76099e-15
7.46		0.0391302		-1.76594e-15
7.47		0.0392071		-1.77087e-15
7.48		0.0392128		-1.77578e-15
7.49		0.039146		-1.78067e-15
7.5		0.0390055		-1.78555e-15
7.51		0.0387904		-1.7904e-15
7.52		0.0384996		-1.79523e-15
7.53		0.0381324		-1.80005e-15
7.54		0.0376881		-1.80484e-15
7.55		0.0371661		-1.80962e-15
7.56		0.036566		-1.81438e-15
7.57		0.0358874		-1.81911e-15
7.58		0.0351302		-1.82383e-15
7.59		0.0342944		-1.82853e-15
7.6		0.0333801		-1.8332e-15
7.61		0.0323876		-1.83786e-15
7.62		0.0313172		-1.84249e-15
7.63		0.0301697		-1.84711e-15
7.64		0.0289455		-1.8517e-15
7.65		0.0276458		-1.85628e-15
7.66		0.0262715		-1.86083e-15
7.67		0.0248239		-1.86536e-15
7.68		0.0233042		-1.86988e-15
7.69		0.0217141		-1.87437e-15
7.7		0.0200553		-1.87884e-15
7.71		0.0183297		-1.88329e-15
7.72		0.0165392		-1.88771e-15
7.73		0.0146862		-1.89212e-15
7.74		0.012773		-1.8965e-15
7.75		0.0108021		-1.90086e-15
7.76		0.00877642		-1.9052e-15
7.77		0.0066987		-1.90952e-15
7.78		0.00457206		-1.91381e-15
7.79		0.00239973		-1.91809e-15
7.8		0.000185111		-1.92234e-15
7.81		-0.00206824		-1.92657e-15
7.82		-0.0043566		-1.93077e-15
7.83		-0.0066761		-1.93495e-15
7.84		-0.00902269		-1.93911e-15
7.85		-0.0113922		-1.94325e-15
7.86		-0.0137803		-1.94736e-15
7.87		-0.0161825		-1.95145e-15
7.88		-0.0185943		-1.95551e-15
7.89		-0.0210108		-1.95955e-15
7.9		-0.0234273		-1.96357e-15
7.91		-0.0258387		-1.96756e-15
7.92		-0.0282399		-1.97153e-15
7.93		-0.0306258		-1.97548e-15
7.94		-0.032991		-1.9794e-15
7.95		-0.0353301		-1.98329e-15
7.96		-0.0376378		-1.98717e-15
7.97		-0.0399083		-1.99101e-15
7.98		-0.0421362		-1.99483e-15
7.99		-0.0443157		-1.99863e-15
8		-0.0464411		-2.0024e-15
8.01		-0.0485067		-2.00615e-15
8.02		-0.0505067		-2.00987e-15
8.03		-0.0524352		-2.01356e-15
8.04		-0.0542866		-2.01723e-15
8.05		-0.056055		-2.02087e-15
8.06		-0.0577347		-2.02449e-15
8.07		-0.0593199		-2.02808e-15
8.08		-0.0608049		-2.03164e-15
8.09		-0.0621842		-2.03518e-15
8.1		-0.0634521		-2.03869e-15
8.11		-0.0646033		-2.04218e-15
8.12		-0.0656323		-2.04564e-15
8.13		-0.0665339		-2.04907e-15
8.14		-0.067303		-2.05248e-15
8.15		-0.0679347		-2.05586e-15
8.16		-0.0684241		-2.05921e-15
8.17		-0.0687666		-2.06253e-15
8.18		-0.0689579		-2.06583e-15
8.19		-0.0689935		-2.0691e-15
8.2		-0.0688697		-2.07234e-15
8.21		-0.0685825		-2.07556e-15
8.22		-0.0681286		-2.07875e-15
8.23		-0.0675047		-2.08191e-15
8.24		-0.0667078		-2.08504e-15
8.25		-0.0657353		-2.08815e-15
8.26		-0.0645849		-2.09123e-15
8.27		-0.0632546		-2.09428e-15
8.28		-0.0617428		-2.0973e-15
8.29		-0.0600483		-2.10029e-15
8.3		-0.0581702		-2.10326e-15
8.31		-0.056108		-2.1062e-15
8.32		-0.0538617		-2.10911e-15
8.33		-0.0514317		-2.112e-15
8.34		-0.0488187		-2.11485e-15
8.35		-0.0460241		-2.11768e-15
8.36		-0.0430497		-2.12048e-15
8.37		-0.0398976		-2.12325e-15
8.38		-0.0365705		-2.126e-15
8.39		-0.0330718		-2.12871e-15
8.4		-0.0294052		-2.1314e-15
8.41		-0.025575		-2.13406e-15
8.42		-0.0215861		-2.13669e-15
8.43		-0.0174437		-2.13929e-15
8.44		-0.0131538		-2.14187e-15
8.45		-0.008723		-2.14442e-15
8.46		-0.00415827		-2.14694e-15
8.47		0.000532723		-2.14943e-15
8.48		0.00534177		-2.1519e-15
8.49		0.0102601		-2.15433e-15
8.5		0.0152783		-2.15674e-15
8.51		0.0203864		-2.15912e-15
8.52		0.025574		-2.16147e-15
8.53		0.0308299		-2.1638e-15
8.54		0.0361425		-2.16609e-15
8.55		0.0414994		-2.16836e-15
8.56		0.046888		-2.17061e-15
8.57		0.0522949		-2.17282e-15
8.58		0.0577062		-2.17501e-15
8.59		0.0631076		-2.17716e-15
8.6		0.0684841		-2.1793e-15
8.61		0.0738204		-2.1814e-15
8.62		0.0791007		-2.18347e-15
8.63		0.0843086		-2.18552e-15
8.64		0.0894274		-2.18754e-15
8.65		0.0944401		-2.18954e-15
8.66		0.099329		-2.1915e-15
8.67		0.104077		-2.19344e-15
8.68		0.108664		-2.19535e-15
8.69		0.113074		-2.19724e-15
8.7		0.117288		-2.19909e-15
8.71		0.121285		-2.20092e-15
8.72		0.125049		-2.20273e-15
8.73		0.128559		-2.2045e-15
8.74		0.131796		-2.20625e-15
8.75		0.134741		-2.20797e-15
8.76		0.137376		-2.20966e-15
8.77		0.139681		-2.21133e-15
8.78		0.141637		-2.21297e-15
8.79		0.143225		-2.21458e-15
8.8		0.144429		-2.21617e-15
8.81		0.145228		-2.21772e-15
8.82		0.145606		-2.21926e-15
8.83		0.145546		-2.22076e-15
8.84		0.145032		-2.22224e-15
8.85		0.144047		-2.22369e-15
8.86		0.142576		-2.22511e-15
8.87		0.140605		-2.2265e-15
8.88		0.13812		-2.22787e-15
8.89		0.13511		-2.22921e-15
8.9		0.131562		-2.23053e-15
8.91		0.127467		-2.23181e-15
8.92		0.122815		-2.23307e-15
8.93		0.117599		-2.2343e-15
8.94		0.111812		-2.23551e-15
8.95		0.10545		-2.23668e-15
8.96		0.0985094		-2.23783e-15
8.97		0.0909892		-2.23896e-15
8.98		0.0828896		-2.24005e-15
8.99		0.074213		-2.24112e-15
9		0.0649638		-2.24215e-15
9.01		0.0551486		-2.24317e-15
9.02		0.0447759		-2.24415e-15
9.03		0.0338569		-2.2451e-15
9.04		0.022405		-2.24603e-15
9.05		0.0104361		-2.24693e-15
9.06		-0.00203117		-2.2478e-15
9.07		-0.0149756		-2.24864e-15
9.08		-0.0283732		-2.24945e-15
9.09		-0.042197		-2.25024e-15
9.1		-0.0564173		-2.25099e-15
9.11		-0.0710011		-2.25172e-15
9.12		-0.0859125		-2.25242e-15
9.13		-0.101112		-2.25309e-15
9.14		-0.116558		-2.25373e-15
9.15		-0.132205		-2.25434e-15
9.16		-0.148003		-2.25492e-15
9.17		-0.163901		-2.25547e-15
9.18		-0.179843		-2.25599e-15
9.19		-0.19577		-2.25649e-15
9.2		-0.211619		-2.25695e-15
9.21		-0.227324		-2.25738e-15
9.22		-0.242818		-2.25778e-15
9.23		-0.258027		-2.25816e-15
9.24		-0.272875		-2.2585e-15
9.25		-0.287284		-2.25881e-15
9.26		-0.301172		-2.25909e-15
9.27		-0.314454		-2.25934e-15
9.28		-0.327042		-2.25956e-15
9.29		-0.338846		-2.25975e-15
9.3		-0.349773		-2.2599e-15
9.31		-0.359727		-2.26003e-15
9.32		-0.368612		-2.26012e-15
9.33		-0.376328		-2.26019e-15
9.34		-0.382774		-2.26022e-15
9.35		-0.387849		-2.26022e-15
9.36		-0.39145		-2.26019e-15
9.37		-0.393474		-2.26013e-15
9.38		-0.393817		-2.26003e-15
9.39		-0.392378		-2.25991e-15
9.4		-0.389055		-2.25975e-15
9.41		-0.383748		-2.25956e-15
9.42		-0.376359		-2.25934e-15
9.43		-0.366794		-2.25909e-15
9.44		-0.354961		-2.25881e-15
9.45		-0.340774		-2.25849e-15
9.46		-0.324151		-2.25815e-15
9.47		-0.305017		-2.25777e-15
9.48		-0.283305		-2.25736e-15
9.49		-0.258954		-2.25692e-15
9.5		-0.231915		-2.25645e-15
9.51		-0.202147		-2.25594e-15
9.52		-0.169623		-2.25541e-15
9.53		-0.134328		-2.25484e-15
9.54		-0.096263		-2.25425e-15
9.55		-0.0554441		-2.25362e-15
9.56		-0.0119062		-2.25296e-15
9.57		0.0342964		-2.25227e-15
9.58		0.0830875		-2.25156e-15
9.59		0.134367		-2.25081e-15
9.6		0.18801		-2.25003e-15
9.61		0.243863		-2.24922e-15
9.62		0.30174		-2.24839e-15
9.63		0.361426		-2.24752e-15
9.64		0.422666		-2.24663e-15
9.65		0.485171		-2.2457e-15
9.66		0.548607		-2.24475e-15
9.67		0.612598		-2.24377e-15
9.68		0.676717		-2.24276e-15
9.69		0.740489		-2.24173e-15
9.7		0.803382		-2.24066e-15
9.71		0.864805		-2.23957e-15
9.72		0.924105		-2.23845e-15
9.73		0.980561		-2.23731e-15
9.74		1.03338		-2.23614e-15
9.75		1.0817		-2.23494e-15
9.76		1.12456		-2.23371e-15
9.77		1.16092		-2.23246e-15
9.78		1.18967		-2.23118e-15
9.79		1.20956		-2.22987e-15
9.8		1.21928		-2.22854e-15
9.81		1.21737		-2.22718e-15
9.82		1.20229		-2.2258e-15
9.83		1.17234		-2.22438e-15
9.84		1.12572		-2.22294e-15
9.85		1.06048		-2.22147e-15
9.86		0.974509		-2.21998e-15
9.87		0.865569		-2.21845e-15
9.88		0.731238		-2.2169e-15
9.89		0.568931		-2.21531e-15
9.9		0.375875		-2.2137e-15
9.91		0.149111		-2.21205e-15
9.92		-0.114525		-2.21037e-15
9.93		-0.418411		-2.20866e-15
9.94		-0.766145		-2.20691e-15
9.95		-1.16156		-2.20512e-15
9.96		-1.60875		-2.20329e-15
9.97		-2.11205		-2.20143e-15
9.98		-2.67608		-2.19952e-15
9.99		-3.30575		-2.19756e-15
10		-4.00626		-2.19556e-15
10.01		-3.70951		-2.14241e-18
10.02		-3.70942		-2.13688e-18
10.03		-3.70926		-2.13133e-18
10.04		-3.70904		-2.12574e-18
10.05		-3.70876		-2.12013e-18
10.06		-3.70842		-2.11448e-18
10.07		-3.70801		-2.10881e-18
10.08		-3.70755		-2.10311e-18
10.09		-3.70702		-2.09739e-18
10.1		-3.70642		-2.09163e-18
10.11		-3.70577		-2.08585e-18
10.12		-3.70505		-2.08004e-18
10.13		-3.70427		-2.0742e-18
10.14		-3.70343		-2.06833e-18
10.15		-3.70252		-2.06243e-18
10.16		-3.70156		-2.05651e-18
10.17		-3.70053		-2.05056e-18
10.18		-3.69944		-2.04458e-18
10.19		-3.69828		-2.03857e-18
10.2		-3.69707		-2.03254e-18
10.21		-3.69579		-2.02648e-18
10.22		-3.69445		-2.02039e-18
10.23		-3.69305		-2.01427e-18
10.24		-3.69158		-2.00813e-18
10.25		-3.69006		-2.00196e-18
10.26		-3.68847		-1.99576e-18
10.27		-3.68682		-1.98953e-18
10.28		-3.68511		-1.98328e-18
10.29		-3.68333		-1.977e-18
10.3		-3.68149		-1.9707e-18
10.31		-3.6796		-1.96436e-18
10.32		-3.67764		-1.95801e-18
10.33		-3.67561		-1.95162e-18
10.34		-3.67353		-1.94521e-18
10.35		-3.67138		-1.93877e-18
10.36		-3.66918		-1.93231e-18
10.37		-3.66691		-1.92581e-18
10.38		-3.66457		-1.9193e-18
10.39		-3.66218		-1.91276e-18
10.4		-3.65973		-1.90619e-18
10.41		-3.65721		-1.89959e-18
10.42		-3.65463		-1.89297e-18
10.43		-3.652		-1.88632e-18
10.44		-3.64929		-1.87965e-18
10.45		-3.64653		-1.87296e-18
10.46		-3.64371		-1.86623e-18
10.47		-3.64083		-1.85948e-18
10.48		-3.63788		-1.85271e-18
10.49		-3.63487		-1.84591e-18
10.5		-3.6318		-1.83909e-18
10.51		-3.62868		-1.83224e-18
10.52		-3.62548		-1.82536e-18
10.53		-3.62223		-1.81847e-18
10.54		-3.61892		-1.81154e-18
10.55		-3.61555		-1.80459e-18
10.56		-3.61211		-1.79762e-18
10.57		-3.60862		-1.79062e-18
10.58		-3.60506		-1.7836e-18
10.59		-3.60145		-1.77656e-18
10.6		-3.59777		-1.76948e-18
10.61		-3.59403		-1.76239e-18
10.62		-3.59024		-1.75527e-18
10.63		-3.58638		-1.74813e-18
10.64		-3.58246		-1.74096e-18
10.65		-3.57848		-1.73377e-18
10.66		-3.57444		-1.72656e-18
10.67		-3.57034		-1.71932e-18
10.68		-3.56619		-1.71206e-18
10.69		-3.56197		-1.70477e-18
10.7		-3.55769		-1.69747e-18
10.71		-3.55335		-1.69014e-18
10.72		-3.54895		-1.68278e-18
10.73		-3.54449		-1.6754e-18
10.74		-3.53997		-1.668e-18
10.75		-3.5354		-1.66058e-18
10.76		-3.53076		-1.65313e-18
10.77		-3.52606		-1.64567e-18
10.78		-3.52131		-1.63818e-18
10.79		-3.51649		-1.63066e-18
10.8		-3.51162		-1.62313e-18
10.81		-3.50669		-1.61557e-18
10.82		-3.50169		-1.60799e-18
10.83		-3.49664		-1.60038e-18
10.84		-3.49153		-1.59276e-18
10.85		-3.48636		-1.58511e-18
10.86		-3.48114		-1.57745e-18
10.87		-3.47585		-1.56976e-18
10.88		-3.47051		-1.56205e-18
10.89		-3.4651		-1.55431e-18
10.9		-3.45964		-1.54656e-18
10.91		-3.45412		-1.53878e-18
10.92		-3.44855		-1.53099e-18
10.93		-3.44291		-1.52317e-18
10.94		-3.43722		-1.51533e-18
10.95		-3.43147		-1.50747e-18
10.96		-3.42566		-1.49959e-18
10.97		-3.41979		-1.49169e-18
10.98		-3.41387		-1.48377e-18
10.99		-3.40788		-1.47583e-18
11		-3.40185		-1.46787e-18
11.01		-3.39575		-1.45988e-18
11.02		-3.3896		-1.45188e-18
11.03		-3.38339		-1.44386e-18
11.04		-3.37712		-1.43582e-18
11.05		-3.3708		-1.42775e-18
11.06		-3.36441		-1.41967e-18
11.07		-3.35798		-1.41157e-18
11.08		-3.35148		-1.40345e-18
11.09		-3.34493		-1.39531e-18
11.1		-3.33833		-1.38715e-18
11.11		-3.33166		-1.37897e-18
11.12		-3.32495		-1.37077e-18
11.13		-3.31817		-1.36256e-18
11.14		-3.31134		-1.35432e-18
11.15		-3.30446		-1.34607e-18
11.16		-3.29751		-1.33779e-18
11.17		-3.29052		-1.3295e-18
11.18		-3.28346		-1.32119e-18
11.19		-3.27636		-1.31287e-18
11.2		-3.26919		-1.30452e-18
11.21		-3.26198		-1.29615e-18
11.22		-3.2547		-1.28777e-18
11.23		-3.24738		-1.27937e-18
11.24		-3.23999		-1.27095e-18
11.25		-3.23256		-1.26252e-18
11.26		-3.22507		-1.25407e-18
11.27		-3.21752		-1.2456e-18
11.28		-3.20992		-1.23711e-18
11.29		-3.20227		-1.2286e-18
11.3		-3.19456		-1.22008e-18
11.31		-3.1868		-1.21154e-18
11.32		-3.17898		-1.20299e-18
11.33		-3.17112		-1.19442e-18
11.34		-3.16319		-1.18583e-18
11.35		-3.15522		-1.17722e-18
11.36		-3.14719		-1.1686e-18
11.37		-3.13911		-1.15996e-18
11.38		-3.13098		-1.15131e-18
11.39		-3.12279		-1.14264e-18
11.4		-3.11455		-1.13396e-18
11.41		-3.10626		-1.12525e-18
11.42		-3.09792		-1.11654e-18
11.43		-3.08952		-1.10781e-18
11.44		-3.08107		-1.09906e-18
11.45		-3.07258		-1.09029e-18
11.46		-3.06402		-1.08152e-18
11.47		-3.05542		-1.07272e-18
11.48		-3.04677		-1.06391e-18
11.49		-3.03806		-1.05509e-18
11.5		-3.02931		-1.04625e-18
11.51		-3.0205		-1.0374e-18
11.52		-3.01164		-1.02853e-18
11.53		-3.00273		-1.01965e-18
11.54		-2.99377		-1.01076e-18
11.55		-2.98476		-1.00185e-18
11.56		-2.9757		-9.92925e-19
11.57		-2.96659		-9.83988e-19
11.58		-2.95743		-9.75037e-19
11.59		-2.94822		-9.66073e-19
11.6		-2.93896		-9.57095e-19
11.61		-2.92965		-9.48104e-19
11.62		-2.9203		-9.39099e-19
11.63		-2.91089		-9.30082e-19
11.64		-2.90143		-9.21051e-19
11.65		-2.89193		-9.12007e-19
11.66		-2.88238		-9.02951e-19
11.67		-2.87277		-8.93883e-19
11.68		-2.86312		-8.84801e-19
11.69		-2.85342		-8.75708e-19
11.7		-2.84368		-8.66602e-19
11.71		-2.83388		-8.57484e-19
11.72		-2.82404		-8.48354e-19
11.73		-2.81415		-8.39212e-19
11.74		-2.80421		-8.30059e-19
11.75		-2.79423		-8.20893e-19
11.76		-2.7842		-8.11717e-19
11.77		-2.77412		-8.02529e-19
11.78		-2.764		-7.9333e-19
11.79		-2.75383		-7.84119e-19
11.8		-2.74361		-7.74898e-19
11.81		-2.73334		-7.65666e-19
11.82		-2.72303		-7.56423e-19
11.83		-2.71268		-7.4717e-19
11.84		-2.70228		-7.37906e-19
11.85		-2.69183		-7.28632e-19
11.86		-2.68134		-7.19347e-19
11.87		-2.6708		-7.10053e-19
11.88		-2.66022		-7.00748e-19
11.89		-2.64959		-6.91434e-19
11.9		-2.63892		-6.8211e-19
11.91		-2.62821		-6.72776e-19
11.92		-2.61745		-6.63433e-19
11.93		-2.60664		-6.54081e-19
11.94		-2.5958		-6.4472e-19
11.95		-2.5849		-6.35349e-19
11.96		-2.57397		-6.2597e-19
11.97		-2.56299		-6.16582e-19
11.98		-2.55197		-6.07185e-19
11.99		-2.54091		-5.97779e-19
12		-2.5298		-5.88366e-19
12.01		-2.51865		-5.78944e-19
12.02		-2.50746		-5.69514e-19
12.03		-2.49622		-5.60075e-19
12.04		-2.48495		-5.50629e-19
12.05		-2.47363		-5.41176e-19
12.06		-2.46227		-5.31714e-19
12.07		-2.45087		-5.22245e-19
12.08		-2.43943		-5.12769e-19
12.09		-2.42794		-5.03286e-19
12.1		-2.41642		-4.93795e-19
12.11		-2.40485		-4.84298e-19
12.12		-2.39325		-4.74794e-19
12.13		-2.3816		-4.65283e-19
12.14		-2.36992		-4.55765e-19
12.15		-2.35819		-4.46241e-19
12.16		-2.34643		-4.36711e-19
12.17		-2.33462		-4.27175e-19
12.18		-2.32278		-4.17633e-19
12.19		-2.3109		-4.08084e-19
12.2		-2.29897		-3.9853e-19
12.21		-2.28701		-3.88971e-19
12.22		-2.27502		-3.79406e-19
12.23		-2.26298		-3.69835e-19
12.24		-2.2509		-3.6026e-19
12.25		-2.23879		-3.50679e-19
12.26		-2.22664		-3.41094e-19
12.27		-2.21445		-3.31503e-19
12.28		-2.20223		-3.21908e-19
12.29		-2.18996		-3.12308e-19
12.3		-2.17766		-3.02704e-19
12.31		-2.16533		-2.93096e-19
12.32		-2.15295		-2.83483e-19
12.33		-2.14055		-2.73867e-19
12.34		-2.1281		-2.64247e-19
12.35		-2.11562		-2.54623e-19
12.36		-2.1031		-2.44995e-19
12.37		-2.09055		-2.35364e-19
12.38		-2.07797		-2.25729e-19
12.39		-2.06534		-2.16092e-19
12.4		-2.05269		-2.06451e-19
12.41		-2.04		-1.96807e-19
12.42		-2.02727		-1.87161e-19
12.43		-2.01451		-1.77512e-19
12.44		-2.00172		-1.6786e-19
12.45		-1.98889		-1.58207e-19
12.46		-1.97603		-1.4855e-19
12.47		-1.96314		-1.38892e-19
12.48		-1.95021		-1.29232e-19
12.49		-1.93725		-1.1957e-19
12.5		-1.92426		-1.09906e-19
12.51		-1.91124		-1.00241e-19
12.52		-1.89818		-9.05741e-20
12.53		-1.88509		-8.09061e-20
12.54		-1.87197		-7.1237e-20
12.55		-1.85882		-6.15668e-20
12.56		-1.84564		-5.18958e-20
12.57		-1.83242		-4.22241e-20
12.58		-1.81918		-3.25517e-20
12.59		-1.8059		-2.28789e-20
12.6		-1.7926		-1.32057e-20
12.61		-1.77926		-3.53241e-21
12.62		-1.76589		6.14097e-21
12.63		-1.7525		1.58143e-20
12.64		-1.73907		2.54873e-20
12.65		-1.72562		3.516e-20
12.66		-1.71213		4.48322e-20
12.67		-1.69862		5.45038e-20
12.68		-1.68508		6.41746e-20
12.69		-1.67151		7.38445e-20
12.7		-1.65792		8.35133e-20
12.71		-1.64429		9.3181e-20
12.72		-1.63064		1.02847e-19
12.73		-1.61696		1.12512e-19
12.74		-1.60325		1.22175e-19
12.75		-1.58952		1.31837e-19
12.76		-1.57575		1.41497e-19
12.77		-1.56197		1.51154e-19
12.78		-1.54815		1.6081e-19
12.79		-1.53431		1.70463e-19
12.8		-1.52045		1.80114e-19
12.81		-1.50655		1.89762e-19
12.82		-1.49264		1.99408e-19
12.83		-1.4787		2.0905e-19
12.84		-1.46473		2.1869e-19
12.85		-1.45074		2.28327e-19
12.86		-1.43672		2.3796e-19
12.87		-1.42268		2.4759e-19
12.88		-1.40862		2.57217e-19
12.89		-1.39453		2.66839e-19
12.9		-1.38042		2.76458e-19
12.91		-1.36629		2.86074e-19
12.92		-1.35213		2.95685e-19
12.93		-1.33795		3.05291e-19
12.94		-1.32375		3.14894e-19
12.95		-1.30952		3.24492e-19
12.96		-1.29527		3.34085e-19
12.97		-1.281		3.43674e-19
12.98		-1.26671		3.53257e-19
12.99		-1.2524		3.62836e-19
13		-1.23807		3.7241e-19
13.01		-1.22372		3.81978e-19
13.02		-1.20934		3.91541e-19
13.03		-1.19495		4.01098e-19
13.04		-1.18053		4.10649e-19
13.05		-1.1661		4.20195e-19
13.06		-1.15165		4.29734e-19
13.07		-1.13717		4.39268e-19
13.08		-1.12268		4.48795e-19
13.09		-1.10817		4.58316e-19
13.1		-1.09364		4.6783e-19
13.11		-1.07909		4.77338e-19
13.12		-1.06452		4.86839e-19
13.13		-1.04994		4.96332e-19
13.14		-1.03534		5.05819e-19
13.15		-1.02072		5.15299e-19
13.16		-1.00608		5.24771e-19
13.17		-0.991428		5.34236e-19
13.18		-0.976757		5.43693e-19
13.19		-0.962071		5.53142e-19
13.2		-0.947368		5.62583e-19
13.21		-0.932649		5.72017e-19
13.22		-0.917914		5.81442e-19
13.23		-0.903164		5.90859e-19
13.24		-0.888399		6.00267e-19
13.25		-0.873619		6.09667e-19
13.26		-0.858824		6.19058e-19
13.27		-0.844015		6.28441e-19
13.28		-0.829191		6.37814e-19
13.29		-0.814354		6.47178e-19
13.3		-0.799503		6.56533e-19
13.31		-0.784638		6.65879e-19
13.32		-0.769761		6.75215e-19
13.33		-0.75487		6.84541e-19
13.34		-0.739966		6.93858e-19
13.35		-0.72505		7.03164e-19
13.36		-0.710122		7.12461e-19
13.37		-0.695182		7.21747e-19
13.38		-0.680231		7.31023e-19
13.39		-0.665268		7.40289e-19
13.4		-0.650293		7.49544e-19
13.41		-0.635308		7.58788e-19
13.42		-0.620312		7.68022e-19
13.43		-0.605305		7.77244e-19
13.44		-0.590289		7.86455e-19
13.45		-0.575262		7.95655e-19
13.46		-0.560226		8.04844e-19
13.47		-0.54518		8.14021e-19
13.48		-0.530126		8.23186e-19
13.49		-0.515062		8.3234e-19
13.5		-0.499989		8.41482e-19
13.51		-0.484909		8.50611e-19
13.52		-0.46982		8.59729e-19
13.53		-0.454723		8.68834e-19
13.54		-0.439618		8.77926e-19
13.55		-0.424506		8.87006e-19
13.56		-0.409387		8.96074e-19
13.57		-0.394261		9.05128e-19
13.58		-0.379129		9.1417e-19
13.59		-0.36399		9.23198e-19
13.6		-0.348845		9.32213e-19
13.61		-0.333694		9.41215e-19
13.62		-0.318537		9.50203e-19
13.63		-0.303375		9.59178e-19
13.64		-0.288208		9.68138e-19
13.65		-0.273036		9.77085e-19
13.66		-0.25786		9.86018e-19
13.67		-0.242679		9.94937e-19
13.68		-0.227494		1.00384e-18
13.69		-0.212306		1.01273e-18
13.7		-0.197113		1.02161e-18
13.71		-0.181918		1.03047e-18
13.72		-0.166719		1.03931e-18
13.73		-0.151517		1.04814e-18
13.74		-0.136313		1.05696e-18
13.75		-0.121107		1.06576e-18
13.76		-0.105899		1.07455e-18
13.77		-0.0906886		1.08332e-18
13.78		-0.075477		1.09207e-18
13.79		-0.060264		1.10081e-18
13.8		-0.0450501		1.10953e-18
13.81		-0.0298354		1.11824e-18
13.82		-0.0146202		1.12693e-18
13.83		0.000595271		1.13561e-18
13.84		0.0158107		1.14426e-18
13.85		0.0310259		1.15291e-18
13.86		0.0462405		1.16153e-18
13.87		0.0614544		1.17014e-18
13.88		0.0766673		1.17873e-18
13.89		0.0918788		1.18731e-18
13.9		0.107089		1.19586e-18
13.91		0.122297		1.2044e-18
13.92		0.137503		1.21293e-18
13.93		0.152707		1.22143e-18
13.94		0.167908		1.22992e-18
13.95		0.183107		1.23839e-18
13.96		0.198302		1.24684e-18
13.97		0.213494		1.25528e-18
13.98		0.228683		1.2637e-18
13.99		0.243867		1.27209e-18
14		0.259048		1.28047e-18
14.01		0.274224		1.28883e-18
14.02		0.289395		1.29718e-18
14.03		0.304562		1.3055e-18
14.04		0.319723		1.31381e-18
14.05		0.33488		1.32209e-18
14.06		0.35003		1.33036e-18
14.07		0.365175		1.33861e-18
14.08		0.380313		1.34684e-18
14.09		0.395445		1.35505e-18
14.1		0.410571		1.36324e-18
14.11		0.425689		1.37141e-18
14.12		0.4408		1.37956e-18
14.13		0.455904		1.38769e-18
14.14		0.471001		1.3958e-18
14.15		0.486089		1.40389e-18
14.16		0.501169		1.41196e-18
14.17		0.516241		1.42001e-18
14.18		0.531304		1.42804e-18
14.19		0.546358		1.43605e-18
14.2		0.561403		1.44404e-18
14.21		0.576438		1.452e-18
14.22		0.591464		1.45995e-18
14.23		0.60648		1.46787e-18
14.24		0.621486		1.47578e-18
14.25		0.636481		1.48366e-18
14.26		0.651465		1.49152e-18
14.27		0.666439		1.49936e-18
14.28		0.681401		1.50718e-18
14.29		0.696352		1.51497e-18
14.3		0.711291		1.52275e-18
14.31		0.726218		1.5305e-18
14.32		0.741133		1.53823e-18
14.33		0.756035		1.54594e-18
14.34		0.770925		1.55362e-18
14.35		0.785802		1.56129e-18
14.36		0.800665		1.56893e-18
14.37		0.815515		1.57654e-18
14.38		0.830352		1.58414e-18
14.39		0.845174		1.59171e-18
14.4		0.859982		1.59926e-18
14.41		0.874776		1.60679e-18
14.42		0.889555		1.61429e-18
14.43		0.904319		1.62177e-18
14.44		0.919068		1.62922e-18
14.45		0.933801		1.63665e-18
14.46		0.948519		1.64406e-18
14.47		0.96322		1.65145e-18
14.48		0.977906		1.65881e-18
14.49		0.992575		1.66615e-18
14.5		1.00723		1.67346e-18
14.51		1.02186		1.68075e-18
14.52		1.03648		1.68801e-18
14.53		1.05108		1.69525e-18
14.54		1.06566		1.70246e-18
14.55		1.08023		1.70966e-18
14.56		1.09478		1.71682e-18
14.57		1.10931		1.72396e-18
14.58		1.12381		1.73108e-18
14.59		1.13831		1.73817e-18
14.6		1.15278		1.74523e-18
14.61		1.16723		1.75227e-18
14.62		1.18166		1.75929e-18
14.63		1.19608		1.76628e-18
14.64		1.21047		1.77324e-18
14.65		1.22484		1.78018e-18
14.66		1.23919		1.78709e-18
14.67		1.25352		1.79398e-18
14.68		1.26783		1.80084e-18
14.69		1.28212		1.80767e-18
14.7		1.29639		1.81448e-18
14.71		1.31063		1.82126e-18
14.72		1.32486		1.82802e-18
14.73		1.33906		1.83474e-18
14.74		1.35324		1.84145e-18
14.75		1.36739		1.84812e-18
14.76		1.38152		1.85477e-18
14.77		1.39563		1.86139e-18
14.78		1.40972		1.86799e-18
14.79		1.42378		1.87455e-18
14.8		1.43782		1.88109e-18
14.81		1.45183		1.88761e-18
14.82		1.46582		1.89409e-18
14.83		1.47979		1.90055e-18
14.84		1.49373		1.90698e-18
14.85		1.50764		1.91338e-18
14.86		1.52153		1.91976e-18
14.87		1.5354		1.9261e-18
14.88		1.54923		1.93242e-18
14.89		1.56305		1.93871e-18
14.9		1.57683		1.94498e-18
14.91		1.59059		1.95121e-18
14.92		1.60432		1.95742e-18
14.93		1.61803		1.9636e-18
14.94		1.63171		1.96974e-18
14.95		1.64536		1.97586e-18
14.96		1.65898		1.98196e-18
14.97		1.67258		1.98802e-18
14.98		1.68614		1.99405e-18
14.99		1.69968		2.00006e-18
15		1.71319		2.00603e-18
15.01		1.72667		2.01198e-18
15.02		1.74012		2.0179e-18
15.03		1.75355		2.02379e-18
15.04		1.76694		2.02965e-18
15.05		1.7803		2.03547e-18
15.06		1.79364		2.04127e-18
15.07		1.80694		2.04704e-18
15.08		1.82021		2.05278e-18
15.09		1.83346		2.05849e-18
15.1		1.84667		2.06417e-18
15.11		1.85985		2.06982e-18
15.12		1.873		2.07544e-18
15.13		1.88612		2.08103e-18
15.14		1.8992		2.08659e-18
15.15		1.91226		2.09212e-18
15.16		1.92528		2.09762e-18
15.17		1.93827		2.10309e-18
15.18		1.95122		2.10853e-18
15.19		1.96415		2.11393e-18
15.2		1.97704		2.11931e-18
15.21		1.9899		2.12466e-18
15.22		2.00272		2.12997e-18
15.23		2.01551		2.13525e-18
15.24		2.02827		2.14051e-18
15.25		2.04099		2.14573e-18
15.26		2.05368		2.15092e-18
15.27		2.06633		2.15607e-18
15.28		2.07895		2.1612e-18
15.29		2.09154		2.1663e-18
15.3		2.10409		2.17136e-18
15.31		2.1166		2.17639e-18
15.32		2.12908		2.18139e-18
15.33		2.14152		2.18636e-18
15.34		2.15392		2.1913e-18
15.35		2.16629		2.1962e-18
15.36		2.17863		2.20108e-18
15.37		2.19092		2.20592e-18
15.38		2.20318		2.21072e-18
15.39		2.21541		2.2155e-18
15.4		2.22759		2.22024e-18
15.41		2.23974		2.22496e-18
15.42		2.25185		2.22964e-18
15.43		2.26392		2.23428e-18
15.44		2.27596		2.2389e-18
15.45		2.28795		2.24348e-18
15.46		2.29991		2.24803e-18
15.47		2.31183		2.25254e-18
15.48		2.32371		2.25702e-18
15.49		2.33555		2.26147e-18
15.5		2.34735		2.26589e-18
15.51		2.35911		2.27027e-18
15.52		2.37083		2.27463e-18
15.53		2.38252		2.27894e-18
15.54		2.39416		2.28323e-18
15.55		2.40576		2.28748e-18
15.56		2.41732		2.29169e-18
15.57		2.42884		2.29588e-18
15.58		2.44032		2.30003e-18
15.59		2.45176		2.30415e-18
15.6		2.46316		2.30823e-18
15.61		2.47452		2.31228e-18
15.62		2.48583		2.31629e-18
15.63		2.4971		2.32028e-18
15.64		2.50833		2.32422e-18
15.65		2.51952		2.32814e-18
15.66		2.53067		2.33202e-18
15.67		2.54177		2.33586e-18
15.68		2.55283		2.33967e-18
15.69		2.56385		2.34345e-18
15.7		2.57483		2.34719e-18
15.71		2.58576		2.3509e-18
15.72		2.59665		2.35458e-18
15.73		2.60749		2.35822e-18
15.74		2.61829		2.36182e-18
15.75		2.62905		2.36539e-18
15.76		2.63976		2.36893e-18
15.77		2.65043		2.37243e-18
15.78		2.66105		2.3759e-18
15.79		2.67163		2.37933e-18
15.8		2.68216		2.38273e-18
15.81		2.69265		2.38609e-18
15.82		2.70309		2.38942e-18
15.83		2.71349		2.39271e-18
15.84		2.72384		2.39597e-18
15.85		2.73415		2.39919e-18
15.86		2.74441		2.40238e-18
15.87		2.75462		2.40553e-18
15.88		2.76479		2.40865e-18
15.89		2.77491		2.41173e-18
15.9		2.78499		2.41478e-18
15.91		2.79501		2.41779e-18
15.92		2.80499		2.42077e-18
15.93		2.81493		2.42371e-18
15.94		2.82481		2.42661e-18
15.95		2.83465		2.42948e-18
15.96		2.84444		2.43231e-18
15.97		2.85418		2.43511e-18
15.98		2.86388		2.43787e-18
15.99		2.87353		2.4406e-18
16		2.88312		2.44329e-18
16.01		2.89267		2.44595e-18
16.02		2.90218		2.44857e-18
16.03		2.91163		2.45115e-18
16.04		2.92103		2.4537e-18
16.05		2.93039		2.45621e-18
16.06		2.93969		2.45869e-18
16.07		2.94895		2.46112e-18
16.08		2.95815		2.46353e-18
16.09		2.96731		2.4659e-18
16.1		2.97641		2.46823e-18
16.11		2.98547		2.47052e-18
16.12		2.99447		2.47278e-18
16.13		3.00343		2.475e-18
16.14		3.01234		2.47719e-18
16.15		3.02119		2.47934e-18
16.16		3.02999		2.48145e-18
16.17		3.03875		2.48353e-18
16.18		3.04745		2.48557e-18
16.19		3.0561		2.48758e-18
16.2		3.0647		2.48954e-18
16.21		3.07324		2.49147e-18
16.22		3.08174		2.49337e-18
16.23		3.09018		2.49523e-18
16.24		3.09857		2.49705e-18
16.25		3.10691		2.49883e-18
16.26		3.1152		2.50058e-18
16.27		3.12343		2.50229e-18
16.28		3.13162		2.50397e-18
16.29		3.13975		2.50561e-18
16.3		3.14782		2.50721e-18
16.31		3.15585		2.50877e-18
16.32		3.16382		2.5103e-18
16.33		3.17173		2.51179e-18
16.34		3.1796		2.51324e-18
16.35		3.18741		2.51466e-18
16.36		3.19516		2.51604e-18
16.37		3.20287		2.51739e-18
16.38		3.21052		2.51869e-18
16.39		3.21811		2.51996e-18
16.4		3.22565		2.52119e-18
16.41		3.23314		2.52239e-18
16.42		3.24057		2.52355e-18
16.43		3.24795		2.52467e-18
16.44		3.25527		2.52575e-18
16.45		3.26254		2.5268e-18
16.46		3.26976		2.52781e-18
16.47		3.27691		2.52878e-18
16.48		3.28402		2.52972e-18
16.49		3.29107		2.53061e-18
16.5		3.29806		2.53147e-18
16.51		3.305		2.5323e-18
16.52		3.31188		2.53309e-18
16.53		3.3187		2.53383e-18
16.54		3.32547		2.53455e-18
16.55		3.33219		2.53522e-18
16.56		3.33885		2.53586e-18
16.57		3.34545		2.53646e-18
16.58		3.35199		2.53702e-18
16.59		3.35848		2.53755e-18
16.6		3.36492		2.53804e-18
16.61		3.37129		2.53849e-18
16.62		3.37761		2.5389e-18
16.63		3.38387		2.53928e-18
16.64		3.39008		2.53962e-18
16.65		3.39623		2.53992e-18
16.66		3.40232		2.54018e-18
16.67		3.40835		2.54041e-18
16.68		3.41433		2.5406e-18
16.69		3.42025		2.54075e-18
16.7		3.42611		2.54087e-18
16.71		3.43192		2.54094e-18
16.72		3.43766		2.54098e-18
16.73		3.44335		2.54099e-18
16.74		3.44898		2.54095e-18
16.75		3.45456		2.54088e-18
16.76		3.46007		2.54077e-18
16.77		3.46553		2.54062e-18
16.78		3.47093		2.54044e-18
16.79		3.47627		2.54022e-18
16.8		3.48155		2.53996e-18
16.81		3.48677		2.53966e-18
16.82		3.49193		2.53933e-18
16.83		3.49704		2.53896e-18
16.84		3.50209		2.53855e-18
16.85		3.50707		2.5381e-18
16.86		3.512		2.53762e-18
16.87		3.51687		2.5371e-18
16.88		3.52168		2.53654e-18
16.89		3.52643		2.53594e-18
16.9		3.53112		2.53531e-18
16.91		3.53576		2.53464e-18
16.92		3.54033		2.53393e-18
16.93		3.54484		2.53319e-18
16.94		3.5493		2.5324e-18
16.95		3.55369		2.53158e-18
16.96		3.55802		2.53073e-18
16.97		3.5623		2.52983e-18
16.98		3.56651		2.5289e-18
16.99		3.57067		2.52793e-18
17		3.57476		2.52693e-18
17.01		3.5788		2.52588e-18
17.02		3.58277		2.5248e-18
17.03		3.58668		2.52368e-18
17.04		3.59054		2.52253e-18
17.05		3.59433		2.52134e-18
17.06		3.59806		2.52011e-18
17.07		3.60173		2.51884e-18
17.08		3.60534		2.51754e-18
17.09		3.6089		2.5162e-18
17.1		3.61239		2.51482e-18
17.11		3.61581		2.5134e-18
17.12		3.61918		2.51195e-18
17.13		3.62249		2.51046e-18
17.14		3.62574		2.50894e-18
17.15		3.62892		2.50737e-18
17.16		3.63205		2.50577e-18
17.17		3.63511		2.50414e-18
17.18		3.63811		2.50246e-18
17.19		3.64105		2.50075e-18
17.2		3.64393		2.499e-18
17.21		3.64675		2.49722e-18
17.22		3.64951		2.4954e-18
17.23		3.6522		2.49354e-18
17.24		3.65484		2.49164e-18
17.25		3.65741		2.48971e-18
17.26		3.65992		2.48774e-18
17.27		3.66237		2.48574e-18
17.28		3.66476		2.4837e-18
17.29		3.66709		2.48162e-18
17.3		3.66935		2.4795e-18
17.31		3.67155		2.47735e-18
17.32		3.67369		2.47516e-18
17.33		3.67577		2.47294e-18
17.34		3.67779		2.47067e-18
17.35		3.67975		2.46838e-18
17.36		3.68164		2.46604e-18
17.37		3.68347		2.46367e-18
17.38		3.68524		2.46126e-18
17.39		3.68695		2.45882e-18
17.4		3.6886		2.45634e-18
17.41		3.69018		2.45382e-18
17.42		3.6917		2.45127e-18
17.43		3.69316		2.44868e-18
17.44		3.69456		2.44606e-18
17.45		3.69589		2.4434e-18
17.46		3.69717		2.4407e-18
17.47		3.69838		2.43796e-18
17.48		3.69953		2.4352e-18
17.49		3.70061		2.43239e-18
17.5		3.70164		2.42955e-18
17.51		3.7026		2.42667e-18
17.52		3.7035		2.42376e-18
17.53		3.70433		2.42081e-18
17.54		3.70511		2.41782e-18
17.55		3.70582		2.4148e-18
17.56		3.70647		2.41175e-18
17.57		3.70706		2.40866e-18
17.58		3.70759		2.40553e-18
17.59		3.70805		2.40237e-18
17.6		3.70845		2.39917e-18
17.61		3.70879		2.39593e-18
17.62		3.70906		2.39266e-18
17.63		3.70928		2.38936e-18
17.64		3.70943		2.38602e-18
17.65		3.70952		2.38264e-18
17.66		3.70954		2.37923e-18
17.67		3.70951		2.37579e-18
17.68		3.70941		2.37231e-18
17.69		3.70925		2.36879e-18
17.7		3.70902		2.36524e-18
17.71		3.70874		2.36165e-18
17.72		3.70839		2.35803e-18
17.73		3.70798		2.35438e-18
17.74		3.70751		2.35069e-18
17.75		3.70697		2.34696e-18
17.76		3.70637		2.3432e-18
17.77		3.70571		2.33941e-18
17.78		3.70499		2.33558e-18
17.79		3.70421		2.33171e-18
17.8		3.70336		2.32781e-18
17.81		3.70245		2.32388e-18
17.82		3.70148		2.31991e-18
17.83		3.70045		2.31591e-18
17.84		3.69935		2.31187e-18
17.85		3.69819		2.3078e-18
17.86		3.69697		2.3037e-18
17.87		3.69569		2.29956e-18
17.88		3.69434		2.29539e-18
17.89		3.69294		2.29118e-18
17.9		3.69147		2.28694e-18
17.91		3.68994		2.28267e-18
17.92		3.68834		2.27836e-18
17.93		3.68669		2.27402e-18
17.94		3.68497		2.26964e-18
17.95		3.68319		2.26523e-18
17.96		3.68135		2.26079e-18
17.97		3.67944		2.25631e-18
17.98		3.67748		2.2518e-18
17.99		3.67545		2.24726e-18
18		3.67336		2.24268e-18
18.01		3.67121		2.23807e-18
18.02		3.669		2.23343e-18
18.03		3.66673		2.22876e-18
18.04		3.66439		2.22405e-18
18.05		3.66199		2.2193e-18
18.06		3.65953		2.21453e-18
18.07		3.65701		2.20972e-18
18.08		3.65443		2.20488e-18
18.09		3.65179		2.20001e-18
18.1		3.64908		2.1951e-18
18.11		3.64631		2.19017e-18
18.12		3.64349		2.1852e-18
18.13		3.6406		2.18019e-18
18.14		3.63765		2.17516e-18
18.15		3.63463		2.17009e-18
18.16		3.63156		2.16499e-18
18.17		3.62843		2.15986e-18
18.18		3.62523		2.15469e-18
18.19		3.62198		2.1495e-18
18.2		3.61866		2.14427e-18
18.21		3.61528		2.13901e-18
18.22		3.61184		2.13372e-18
18.23		3.60834		2.1284e-18
18.24		3.60478		2.12304e-18
18.25		3.60116		2.11766e-18
18.26		3.59748		2.11224e-18
18.27		3.59374		2.10679e-18
18.28		3.58994		2.10131e-18
18.29		3.58607		2.0958e-18
18.3		3.58215		2.09026e-18
18.31		3.57817		2.08469e-18
18.32		3.57412		2.07908e-18
18.33		3.57002		2.07345e-18
18.34		3.56586		2.06778e-18
18.35		3.56163		2.06208e-18
18.36		3.55735		2.05636e-18
18.37		3.55301		2.0506e-18
18.38		3.5486		2.04481e-18
18.39		3.54414		2.03899e-18
18.4		3.53962		2.03315e-18
18.41		3.53504		2.02727e-18
18.42		3.53039		2.02136e-18
18.43		3.52569		2.01542e-18
18.44		3.52093		2.00945e-18
18.45		3.51611		2.00345e-18
18.46		3.51123		1.99742e-18
18.47		3.5063		1.99137e-18
18.48		3.5013		1.98528e-18
18.49		3.49624		1.97916e-18
18.5		3.49113		1.97302e-18
18.51		3.48596		1.96684e-18
18.52		3.48072		1.96064e-18
18.53		3.47543		1.9544e-18
18.54		3.47009		1.94814e-18
18.55		3.46468		1.94185e-18
18.56		3.45921		1.93553e-18
18.57		3.45369		1.92918e-18
18.58		3.44811		1.9228e-18
18.59		3.44247		1.91639e-18
18.6		3.43677		1.90996e-18
18.61		3.43101		1.90349e-18
18.62		3.4252		1.897e-18
18.63		3.41933		1.89048e-18
18.64		3.4134		1.88393e-18
18.65		3.40741		1.87736e-18
18.66		3.40137		1.87075e-18
18.67		3.39527		1.86412e-18
18.68		3.38911		1.85746e-18
18.69		3.3829		1.85078e-18
18.7		3.37663		1.84406e-18
18.71		3.3703		1.83732e-18
18.72		3.36391		1.83055e-18
18.73		3.35747		1.82375e-18
18.74		3.35097		1.81693e-18
18.75		3.34442		1.81008e-18
18.76		3.33781		1.8032e-18
18.77		3.33114		1.7963e-18
18.78		3.32442		1.78937e-18
18.79		3.31764		1.78241e-18
18.8		3.3108		1.77543e-18
18.81		3.30391		1.76842e-18
18.82		3.29697		1.76138e-18
18.83		3.28997		1.75432e-18
18.84		3.28291		1.74723e-18
18.85		3.2758		1.74011e-18
18.86		3.26863		1.73297e-18
18.87		3.26141		1.72581e-18
18.88		3.25413		1.71861e-18
18.89		3.2468		1.7114e-18
18.9		3.23941		1.70415e-18
18.91		3.23197		1.69688e-18
18.92		3.22448		1.68959e-18
18.93		3.21693		1.68227e-18
18.94		3.20932		1.67493e-18
18.95		3.20167		1.66756e-18
18.96		3.19395		1.66016e-18
18.97		3.18619		1.65275e-18
18.98		3.17837		1.6453e-18
18.99		3.1705		1.63783e-18
