r Channel_1(Re) Channel_1(Im) Channel_2(Re) Channel_2(Im)
0 0 0 0 0
0.01 0.191126 -0.148111 -0.000579312 -0.0014034
0.02 0.356083 -0.277522 -0.000973556 -0.00206158
0.03 0.496946 -0.389611 -0.0012005 -0.00205961
0.04 0.615672 -0.485683 -0.00127684 -0.00147678
0.05 0.714106 -0.566972 -0.0012183 -0.000386886
0.06 0.793985 -0.634647 -0.00103961 0.00114151
0.07 0.856943 -0.68981 -0.000754612 0.0030448
0.08 0.904517 -0.733503 -0.000376242 0.00526412
0.09 0.938148 -0.76671 8.33891e-05 0.00774505
0.1 0.95919 -0.790355 0.000612976 0.0104374
0.11 0.96891 -0.805311 0.00120198 0.0132951
0.12 0.968495 -0.8124 0.00184058 0.0162758
0.13 0.959054 -0.812392 0.00251967 0.0193407
0.14 0.941622 -0.806011 0.00323079 0.0224545
0.15 0.917166 -0.793936 0.00396612 0.0255851
0.16 0.886583 -0.776805 0.00471845 0.0287033
0.17 0.850709 -0.75521 0.0054811 0.0317829
0.18 0.81032 -0.729709 0.00624799 0.0348005
0.19 0.766133 -0.700821 0.0070135 0.0377349
0.2 0.718813 -0.669028 0.00777254 0.0405675
0.21 0.668972 -0.63478 0.00852047 0.0432819
0.22 0.617173 -0.598495 0.00925307 0.0458639
0.23 0.563936 -0.560558 0.00996656 0.048301
0.24 0.509734 -0.521328 0.0106575 0.0505827
0.25 0.455001 -0.481135 0.011323 0.0527001
0.26 0.40013 -0.440283 0.0119602 0.0546462
0.27 0.345479 -0.399051 0.0125669 0.056415
0.28 0.291371 -0.357694 0.013141 0.0580022
0.29 0.238097 -0.316446 0.0136807 0.0594048
0.3 0.185917 -0.275519 0.0141846 0.0606208
0.31 0.135061 -0.235105 0.0146516 0.0616493
0.32 0.0857334 -0.195379 0.0150805 0.0624905
0.33 0.0381132 -0.156495 0.0154706 0.0631456
0.34 -0.00764486 -0.118593 0.0158215 0.0636162
0.35 -0.0514078 -0.0817966 0.0161328 0.0639053
0.36 -0.0930637 -0.0462139 0.0164042 0.0640161
0.37 -0.132519 -0.0119397 0.0166359 0.0639526
0.38 -0.1697 0.0209445 0.016828 0.0637193
0.39 -0.204548 0.0523692 0.0169808 0.0633214
0.4 -0.23702 0.0822765 0.0170948 0.0627643
0.41 -0.267088 0.110619 0.0171704 0.0620539
0.42 -0.294736 0.13736 0.0172084 0.0611964
0.43 -0.319961 0.162471 0.0172096 0.0601983
0.44 -0.342772 0.185933 0.0171748 0.0590665
0.45 -0.363186 0.207734 0.017105 0.0578078
0.46 -0.381231 0.227871 0.0170013 0.0564295
0.47 -0.396944 0.246347 0.0168646 0.0549388
0.48 -0.410367 0.263169 0.0166962 0.0533431
0.49 -0.421551 0.278355 0.0164972 0.0516498
0.5 -0.430554 0.291923 0.016269 0.0498663
0.51 -0.437437 0.303899 0.0160128 0.0480002
0.52 -0.442267 0.314313 0.0157299 0.0460589
0.53 -0.445117 0.323197 0.0154217 0.0440498
0.54 -0.446059 0.33059 0.0150895 0.0419803
0.55 -0.445174 0.33653 0.0147348 0.0398575
0.56 -0.442542 0.341061 0.0143589 0.0376887
0.57 -0.438245 0.344229 0.0139632 0.0354808
0.58 -0.432369 0.346081 0.0135491 0.0332408
0.59 -0.424999 0.346667 0.0131181 0.0309754
0.6 -0.416223 0.346038 0.0126715 0.0286911
0.61 -0.406127 0.344246 0.0122106 0.0263944
0.62 -0.3948 0.341345 0.011737 0.0240913
0.63 -0.382328 0.337389 0.0112519 0.021788
0.64 -0.368801 0.332434 0.0107566 0.0194903
0.65 -0.354303 0.326535 0.0102526 0.0172036
0.66 -0.338921 0.319747 0.00974104 0.0149335
0.67 -0.32274 0.312126 0.00922323 0.0126849
0.68 -0.305843 0.303728 0.00870042 0.0104629
0.69 -0.288311 0.294607 0.00817381 0.00827217
0.7 -0.270224 0.284819 0.00764458 0.00611708
0.71 -0.251662 0.274418 0.00711389 0.00400187
0.72 -0.2327 0.263458 0.00658286 0.00193055
0.73 -0.213413 0.251991 0.00605255 -9.31515e-05
0.74 -0.193873 0.240068 0.00552401 -0.00206572
0.75 -0.174149 0.227742 0.00499825 -0.00398388
0.76 -0.154308 0.215061 0.00447625 -0.00584459
0.77 -0.134417 0.202074 0.00395893 -0.00764503
0.78 -0.114537 0.188829 0.00344718 -0.00938264
0.79 -0.0947273 0.175371 0.00294186 -0.0110551
0.8 -0.0750461 0.161746 0.00244378 -0.0126601
0.81 -0.0555476 0.147996 0.00195371 -0.014196
0.82 -0.0362839 0.134164 0.00147241 -0.0156609
0.83 -0.0173039 0.120289 0.00100054 -0.0170534
0.84 0.00134559 0.10641 0.000538782 -0.0183722
0.85 0.0196208 0.092566 8.77407e-05 -0.0196162
0.86 0.0374806 0.0787912 -0.000352005 -0.0207846
0.87 0.0548865 0.0651201 -0.000779918 -0.0218766
0.88 0.0718025 0.0515854 -0.0011955 -0.0228919
0.89 0.0881953 0.038218 -0.00159829 -0.0238299
0.9 0.104034 0.0250473 -0.00198786 -0.0246907
0.91 0.119292 0.0121012 -0.00236382 -0.0254742
0.92 0.133941 -0.000594216 -0.00272584 -0.0261806
0.93 0.14796 -0.0130142 -0.00307359 -0.0268102
0.94 0.161328 -0.0251357 -0.0034068 -0.0273637
0.95 0.174026 -0.0369372 -0.00372523 -0.0278415
0.96 0.186038 -0.0483987 -0.00402866 -0.0282445
0.97 0.19735 -0.0595017 -0.00431692 -0.0285736
0.98 0.207951 -0.0702293 -0.00458987 -0.0288299
0.99 0.217831 -0.0805658 -0.00484739 -0.0290144
1 0.226984 -0.0904973 -0.0050894 -0.0291285
1.01 0.235403 -0.100011 -0.00531585 -0.0291735
1.02 0.243085 -0.109096 -0.00552672 -0.0291509
1.03 0.250028 -0.117742 -0.00572202 -0.0290624
1.04 0.256233 -0.12594 -0.00590177 -0.0289095
1.05 0.261702 -0.133683 -0.00606604 -0.028694
1.06 0.266438 -0.140966 -0.00621491 -0.0284177
1.07 0.270447 -0.147782 -0.00634849 -0.0280826
1.08 0.273735 -0.15413 -0.00646691 -0.0276905
1.09 0.27631 -0.160005 -0.00657032 -0.0272436
1.1 0.278183 -0.165406 -0.00665891 -0.0267438
1.11 0.279364 -0.170334 -0.00673286 -0.0261933
1.12 0.279864 -0.174788 -0.00679239 -0.0255943
1.13 0.279698 -0.178771 -0.00683774 -0.024949
1.14 0.27888 -0.182285 -0.00686916 -0.0242595
1.15 0.277425 -0.185334 -0.00688691 -0.0235282
1.16 0.27535 -0.187921 -0.00689129 -0.0227574
1.17 0.272672 -0.190052 -0.00688259 -0.0219493
1.18 0.269408 -0.191733 -0.00686113 -0.0211062
1.19 0.265579 -0.192971 -0.00682722 -0.0202306
1.2 0.261203 -0.193773 -0.00678122 -0.0193246
1.21 0.2563 -0.194148 -0.00672346 -0.0183907
1.22 0.250893 -0.194103 -0.00665431 -0.0174312
1.23 0.245001 -0.193648 -0.00657414 -0.0164483
1.24 0.238646 -0.192794 -0.00648332 -0.0154444
1.25 0.231852 -0.19155 -0.00638224 -0.0144218
1.26 0.22464 -0.189927 -0.0062713 -0.0133828
1.27 0.217032 -0.187937 -0.00615089 -0.0123295
1.28 0.209053 -0.185591 -0.00602141 -0.0112643
1.29 0.200725 -0.182902 -0.00588328 -0.0101893
1.3 0.192072 -0.179881 -0.00573691 -0.0091066
1.31 0.183116 -0.176543 -0.00558271 -0.00801846
1.32 0.173882 -0.172899 -0.0054211 -0.00692691
1.33 0.164393 -0.168962 -0.0052525 -0.00583401
1.34 0.154672 -0.164747 -0.00507734 -0.00474177
1.35 0.144743 -0.160267 -0.00489602 -0.00365216
1.36 0.134629 -0.155536 -0.00470898 -0.0025671
1.37 0.124352 -0.150567 -0.00451663 -0.00148845
1.38 0.113936 -0.145375 -0.0043194 -0.000418055
1.39 0.103403 -0.139974 -0.00411769 0.000642329
1.4 0.0927747 -0.134377 -0.00391193 0.00169098
1.41 0.0820739 -0.128599 -0.00370252 0.00272623
1.42 0.0713219 -0.122654 -0.00348987 0.00374648
1.43 0.0605398 -0.116556 -0.00327438 0.00475017
1.44 0.0497484 -0.110319 -0.00305645 0.00573581
1.45 0.0389682 -0.103957 -0.00283649 0.00670196
1.46 0.028219 -0.0974836 -0.00261486 0.00764725
1.47 0.0175202 -0.0909125 -0.00239196 0.00857037
1.48 0.00689098 -0.0842572 -0.00216816 0.00947007
1.49 -0.00365041 -0.0775312 -0.00194383 0.0103451
1.5 -0.014086 -0.0707477 -0.00171932 0.0111945
1.51 -0.0243985 -0.0639195 -0.00149501 0.012017
1.52 -0.0345711 -0.0570596 -0.00127123 0.0128117
1.53 -0.0445875 -0.0501805 -0.00104831 0.0135776
1.54 -0.0544322 -0.0432944 -0.000826603 0.0143139
1.55 -0.0640902 -0.0364135 -0.000606415 0.0150198
1.56 -0.073547 -0.0295495 -0.000388064 0.0156944
1.57 -0.082789 -0.0227139 -0.000171852 0.0163372
1.58 -0.0918029 -0.015918 4.19239e-05 0.0169474
1.59 -0.100576 -0.00917259 0.000252979 0.0175245
1.6 -0.109097 -0.00248837 0.000461039 0.018068
1.61 -0.117355 0.00412442 0.000665835 0.0185774
1.62 -0.125338 0.0106558 0.000867113 0.0190524
1.63 -0.133037 0.0170962 0.00106462 0.0194927
1.64 -0.140442 0.0234363 0.00125814 0.0198978
1.65 -0.147546 0.0296672 0.00144742 0.0202678
1.66 -0.15434 0.0357804 0.00163226 0.0206023
1.67 -0.160816 0.0417675 0.00181245 0.0209013
1.68 -0.166969 0.0476208 0.0019878 0.0211647
1.69 -0.172791 0.0533328 0.00215812 0.0213925
1.7 -0.178278 0.0588963 0.00232324 0.0215849
1.71 -0.183426 0.0643046 0.00248299 0.0217419
1.72 -0.188228 0.0695514 0.00263722 0.0218636
1.73 -0.192683 0.0746305 0.00278579 0.0219504
1.74 -0.196787 0.0795365 0.00292856 0.0220023
1.75 -0.200538 0.0842639 0.00306542 0.0220199
1.76 -0.203935 0.088808 0.00319625 0.0220032
1.77 -0.206975 0.0931641 0.00332094 0.0219529
1.78 -0.209659 0.0973282 0.00343941 0.0218693
1.79 -0.211986 0.101297 0.00355158 0.0217529
1.8 -0.213957 0.105066 0.00365737 0.0216042
1.81 -0.215573 0.108632 0.00375672 0.0214237
1.82 -0.216835 0.111994 0.00384958 0.0212121
1.83 -0.217746 0.115148 0.00393591 0.02097
1.84 -0.218309 0.118093 0.00401567 0.020698
1.85 -0.218526 0.120827 0.00408883 0.0203968
1.86 -0.2184 0.123348 0.0041554 0.0200671
1.87 -0.217936 0.125656 0.00421535 0.0197098
1.88 -0.217139 0.12775 0.00426869 0.0193255
1.89 -0.216012 0.129629 0.00431543 0.018915
1.9 -0.214562 0.131294 0.0043556 0.0184793
1.91 -0.212793 0.132745 0.00438921 0.0180192
1.92 -0.210713 0.133983 0.00441632 0.0175354
1.93 -0.208327 0.135008 0.00443696 0.017029
1.94 -0.205642 0.135821 0.00445118 0.0165008
1.95 -0.202665 0.136424 0.00445904 0.0159518
1.96 -0.199403 0.136819 0.00446061 0.0153829
1.97 -0.195865 0.137008 0.00445597 0.014795
1.98 -0.192058 0.136992 0.00444519 0.0141892
1.99 -0.18799 0.136775 0.00442836 0.0135665
2 -0.18367 0.136359 0.00440558 0.0129277
2.01 -0.179107 0.135747 0.00437694 0.012274
2.02 -0.174309 0.134942 0.00434255 0.0116063
2.03 -0.169285 0.133948 0.00430252 0.0109256
2.04 -0.164046 0.132768 0.00425698 0.010233
2.05 -0.1586 0.131407 0.00420604 0.00952948
2.06 -0.152957 0.129867 0.00414982 0.00881607
2.07 -0.147127 0.128154 0.00408847 0.0080938
2.08 -0.141119 0.126272 0.00402211 0.00736369
2.09 -0.134945 0.124224 0.00395089 0.00662676
2.1 -0.128613 0.122017 0.00387496 0.00588403
2.11 -0.122134 0.119654 0.00379445 0.00513651
2.12 -0.115519 0.117141 0.00370953 0.00438521
2.13 -0.108777 0.114482 0.00362036 0.00363114
2.14 -0.101919 0.111684 0.00352708 0.00287528
2.15 -0.0949557 0.10875 0.00342986 0.00211862
2.16 -0.0878968 0.105687 0.00332887 0.00136214
2.17 -0.080753 0.102501 0.00322427 0.000606801
2.18 -0.0735347 0.0991957 0.00311623 -0.000146445
2.19 -0.066252 0.0957781 0.00300492 -0.000896659
2.2 -0.0589154 0.0922536 0.00289052 -0.00164292
2.21 -0.0515349 0.0886281 0.0027732 -0.0023843
2.22 -0.0441209 0.0849073 0.00265314 -0.00311993
2.23 -0.0366832 0.0810971 0.0025305 -0.00384891
2.24 -0.0292321 0.0772035 0.00240548 -0.00457039
2.25 -0.0217772 0.0732324 0.00227824 -0.00528352
2.26 -0.0143284 0.0691898 0.00214897 -0.00598748
2.27 -0.00689526 0.0650817 0.00201785 -0.00668146
2.28 0.000512599 0.060914 0.00188504 -0.00736468
2.29 0.00788586 0.0566927 0.00175075 -0.00803638
2.3 0.0152153 0.0524238 0.00161513 -0.0086958
2.31 0.0224919 0.0481133 0.00147837 -0.00934222
2.32 0.0297067 0.0437671 0.00134065 -0.00997496
2.33 0.036851 0.039391 0.00120214 -0.0105933
2.34 0.0439163 0.034991 0.00106302 -0.0111967
2.35 0.0508943 0.0305729 0.000923453 -0.0117844
2.36 0.0577768 0.0261423 0.000783624 -0.0123558
2.37 0.064556 0.0217052 0.000643699 -0.0129104
2.38 0.071224 0.017267 0.000503847 -0.0134476
2.39 0.0777734 0.0128333 0.000364234 -0.0139669
2.4 0.084197 0.00840975 0.000225025 -0.0144677
2.41 0.0904877 0.00400169 8.63822e-05 -0.0149496
2.42 0.0966387 -0.000385523 -5.15333e-05 -0.0154122
2.43 0.102643 -0.00474663 -0.000188565 -0.015855
2.44 0.108496 -0.00907647 -0.000324557 -0.0162776
2.45 0.114189 -0.01337 -0.000459358 -0.0166796
2.46 0.119718 -0.0176222 -0.000592818 -0.0170607
2.47 0.125077 -0.0218283 -0.000724793 -0.0174206
2.48 0.130261 -0.0259834 -0.000855138 -0.0177589
2.49 0.135265 -0.0300831 -0.000983715 -0.0180754
2.5 0.140083 -0.0341227 -0.00111039 -0.0183699
2.51 0.144712 -0.0380979 -0.00123502 -0.0186421
2.52 0.149146 -0.0420044 -0.00135749 -0.0188918
2.53 0.153383 -0.0458381 -0.00147767 -0.0191189
2.54 0.157419 -0.0495949 -0.00159543 -0.0193233
2.55 0.16125 -0.0532711 -0.00171066 -0.0195048
2.56 0.164872 -0.0568628 -0.00182325 -0.0196634
2.57 0.168283 -0.0603664 -0.00193308 -0.0197989
2.58 0.171481 -0.0637786 -0.00204005 -0.0199114
2.59 0.174463 -0.067096 -0.00214406 -0.0200009
2.6 0.177227 -0.0703154 -0.00224501 -0.0200673
2.61 0.179771 -0.0734337 -0.00234281 -0.0201107
2.62 0.182093 -0.0764482 -0.00243737 -0.0201311
2.63 0.184193 -0.0793561 -0.0025286 -0.0201287
2.64 0.186069 -0.0821548 -0.00261643 -0.0201036
2.65 0.187721 -0.0848419 -0.00270077 -0.0200559
2.66 0.189148 -0.0874151 -0.00278157 -0.0199857
2.67 0.19035 -0.0898723 -0.00285874 -0.0198933
2.68 0.191326 -0.0922114 -0.00293223 -0.0197788
2.69 0.192078 -0.0944308 -0.00300199 -0.0196425
2.7 0.192605 -0.0965287 -0.00306795 -0.0194845
2.71 0.192909 -0.0985035 -0.00313007 -0.0193053
2.72 0.19299 -0.100354 -0.0031883 -0.019105
2.73 0.19285 -0.102079 -0.00324261 -0.0188841
2.74 0.19249 -0.103677 -0.00329296 -0.0186427
2.75 0.191911 -0.105148 -0.00333932 -0.0183812
2.76 0.191117 -0.10649 -0.00338166 -0.0181001
2.77 0.190108 -0.107704 -0.00341996 -0.0177996
2.78 0.188888 -0.108787 -0.00345421 -0.0174802
2.79 0.187458 -0.109742 -0.00348438 -0.0171424
2.8 0.185822 -0.110566 -0.00351048 -0.0167864
2.81 0.183982 -0.11126 -0.0035325 -0.0164128
2.82 0.181943 -0.111825 -0.00355043 -0.0160221
2.83 0.179706 -0.11226 -0.00356429 -0.0156147
2.84 0.177276 -0.112565 -0.00357408 -0.0151911
2.85 0.174656 -0.112742 -0.00357982 -0.0147518
2.86 0.171851 -0.112791 -0.00358151 -0.0142973
2.87 0.168864 -0.112713 -0.00357919 -0.0138281
2.88 0.165699 -0.112508 -0.00357287 -0.0133448
2.89 0.162361 -0.112178 -0.00356259 -0.012848
2.9 0.158855 -0.111724 -0.00354838 -0.0123382
2.91 0.155184 -0.111147 -0.00353028 -0.0118159
2.92 0.151355 -0.110448 -0.00350832 -0.0112817
2.93 0.147371 -0.109629 -0.00348255 -0.0107363
2.94 0.143238 -0.108692 -0.00345302 -0.0101802
2.95 0.138961 -0.107639 -0.00341978 -0.00961394
2.96 0.134545 -0.106471 -0.00338288 -0.00903824
2.97 0.129996 -0.10519 -0.00334239 -0.00845367
2.98 0.125319 -0.103798 -0.00329836 -0.00786084
2.99 0.120519 -0.102297 -0.00325085 -0.00726038
3 0.115603 -0.100691 -0.00319994 -0.00665291
3.01 0.110576 -0.0989801 -0.0031457 -0.00603905
3.02 0.105444 -0.0971678 -0.0030882 -0.00541945
3.03 0.100212 -0.0952565 -0.00302751 -0.00479472
3.04 0.0948872 -0.0932488 -0.00296372 -0.00416551
3.05 0.0894749 -0.0911472 -0.0028969 -0.00353245
3.06 0.0839812 -0.0889546 -0.00282715 -0.00289617
3.07 0.0784122 -0.0866739 -0.00275454 -0.00225731
3.08 0.0727739 -0.0843077 -0.00267917 -0.0016165
3.09 0.0670726 -0.0818592 -0.00260113 -0.000974371
3.1 0.0613143 -0.0793314 -0.0025205 -0.000331559
3.11 0.0555052 -0.0767272 -0.0024374 0.000311313
3.12 0.0496515 -0.0740499 -0.00235191 0.00095362
3.13 0.0437593 -0.0713026 -0.00226413 0.00159474
3.14 0.0378347 -0.0684886 -0.00217417 0.00223406
3.15 0.0318841 -0.065611 -0.00208212 0.00287097
3.16 0.0259134 -0.0626732 -0.0019881 0.00350486
3.17 0.0199288 -0.0596785 -0.0018922 0.00413513
3.18 0.0139363 -0.0566304 -0.00179453 0.00476119
3.19 0.00794217 -0.0535321 -0.00169521 0.00538245
3.2 0.00195225 -0.0503872 -0.00159433 0.00599834
3.21 -0.00402742 -0.0471991 -0.00149202 0.00660827
3.22 -0.00999094 -0.0439712 -0.00138837 0.00721168
3.23 -0.0159324 -0.040707 -0.00128351 0.00780803
3.24 -0.021846 -0.0374101 -0.00117753 0.00839676
3.25 -0.0277261 -0.0340838 -0.00107057 0.00897734
3.26 -0.0335668 -0.0307318 -0.000962725 0.00954924
3.27 -0.0393627 -0.0273575 -0.000854112 0.0101119
3.28 -0.0451081 -0.0239645 -0.000744846 0.0106649
3.29 -0.0507977 -0.0205561 -0.00063504 0.0112077
3.3 -0.0564261 -0.017136 -0.000524807 0.0117399
3.31 -0.061988 -0.0137075 -0.000414261 0.0122608
3.32 -0.0674782 -0.0102742 -0.000303516 0.0127702
3.33 -0.0728917 -0.00683949 -0.000192685 0.0132675
3.34 -0.0782235 -0.00340678 -8.18792e-05 0.0137523
3.35 -0.0834687 2.05108e-05 2.8788e-05 0.0142242
3.36 -0.0886227 0.00343902 0.000139205 0.0146827
3.37 -0.0936807 0.00684542 0.000249262 0.0151276
3.38 -0.0986382 0.0102364 0.000358849 0.0155583
3.39 -0.103491 0.0136086 0.000467856 0.0159746
3.4 -0.108234 0.016959 0.000576175 0.016376
3.41 -0.112865 0.0202842 0.0006837 0.0167623
3.42 -0.117378 0.0235811 0.000790324 0.0171331
3.43 -0.121769 0.0268467 0.000895943 0.0174881
3.44 -0.126036 0.0300778 0.00100045 0.0178271
3.45 -0.130175 0.0332715 0.00110376 0.0181496
3.46 -0.134181 0.0364249 0.00120575 0.0184555
3.47 -0.138052 0.0395349 0.00130633 0.0187446
3.48 -0.141785 0.0425989 0.00140541 0.0190165
3.49 -0.145376 0.0456139 0.00150288 0.0192711
3.5 -0.148822 0.0485774 0.00159866 0.0195082
3.51 -0.152122 0.0514867 0.00169266 0.0197275
3.52 -0.155271 0.0543391 0.00178478 0.019929
3.53 -0.158268 0.0571321 0.00187494 0.0201124
3.54 -0.161111 0.0598634 0.00196305 0.0202776
3.55 -0.163797 0.0625306 0.00204903 0.0204245
3.56 -0.166325 0.0651312 0.0021328 0.0205531
3.57 -0.168692 0.0676632 0.00221429 0.0206631
3.58 -0.170897 0.0701244 0.0022934 0.0207545
3.59 -0.172938 0.0725126 0.00237008 0.0208274
3.6 -0.174815 0.074826 0.00244425 0.0208815
3.61 -0.176525 0.0770625 0.00251583 0.0209169
3.62 -0.178067 0.0792203 0.00258478 0.0209337
3.63 -0.179442 0.0812978 0.00265101 0.0209317
3.64 -0.180648 0.0832931 0.00271448 0.020911
3.65 -0.181684 0.0852048 0.00277512 0.0208717
3.66 -0.18255 0.0870313 0.00283288 0.0208138
3.67 -0.183246 0.0887713 0.00288771 0.0207374
3.68 -0.183772 0.0904233 0.00293956 0.0206425
3.69 -0.184128 0.0919862 0.00298837 0.0205292
3.7 -0.184313 0.0934587 0.00303412 0.0203977
3.71 -0.184329 0.0948399 0.00307675 0.0202481
3.72 -0.184176 0.0961286 0.00311623 0.0200805
3.73 -0.183853 0.0973241 0.00315252 0.0198951
3.74 -0.183363 0.0984256 0.0031856 0.019692
3.75 -0.182706 0.0994322 0.00321544 0.0194715
3.76 -0.181883 0.100343 0.003242 0.0192337
3.77 -0.180896 0.101159 0.00326528 0.0189789
3.78 -0.179745 0.101878 0.00328524 0.0187072
3.79 -0.178432 0.1025 0.00330187 0.0184189
3.8 -0.176959 0.103025 0.00331516 0.0181142
3.81 -0.175328 0.103452 0.00332511 0.0177935
3.82 -0.17354 0.103783 0.00333169 0.0174569
3.83 -0.171597 0.104016 0.00333492 0.0171049
3.84 -0.169502 0.104152 0.00333478 0.0167376
3.85 -0.167256 0.10419 0.00333129 0.0163553
3.86 -0.164863 0.104132 0.00332445 0.0159585
3.87 -0.162325 0.103977 0.00331426 0.0155474
3.88 -0.159643 0.103726 0.00330074 0.0151224
3.89 -0.156822 0.10338 0.0032839 0.0146838
3.9 -0.153863 0.102938 0.00326376 0.014232
3.91 -0.150771 0.102402 0.00324035 0.0137673
3.92 -0.147547 0.101772 0.00321369 0.0132902
3.93 -0.144195 0.101049 0.0031838 0.0128011
3.94 -0.140718 0.100235 0.00315071 0.0123002
3.95 -0.137119 0.0993287 0.00311446 0.0117881
3.96 -0.133403 0.098333 0.00307509 0.0112652
3.97 -0.129571 0.0972483 0.00303263 0.0107318
3.98 -0.125629 0.096076 0.00298712 0.0101884
3.99 -0.12158 0.0948172 0.00293861 0.00963546
4 -0.117427 0.0934734 0.00288715 0.00907341
4.01 -0.113174 0.0920458 0.00283279 0.00850268
4.02 -0.108825 0.090536 0.00277557 0.00792375
4.03 -0.104385 0.0889455 0.00271556 0.00733706
4.04 -0.0998561 0.0872758 0.00265281 0.00674308
4.05 -0.0952438 0.0855287 0.00258738 0.00614229
4.06 -0.0905517 0.0837059 0.00251935 0.00553515
4.07 -0.0857842 0.0818091 0.00244876 0.00492215
4.08 -0.0809454 0.0798401 0.00237569 0.00430376
4.09 -0.0760396 0.0778008 0.00230021 0.00368048
4.1 -0.0710712 0.0756933 0.0022224 0.00305279
4.11 -0.0660444 0.0735194 0.00214232 0.00242118
4.12 -0.0609636 0.0712812 0.00206005 0.00178615
4.13 -0.0558334 0.0689807 0.00197568 0.00114818
4.14 -0.050658 0.0666202 0.00188929 0.00050778
4.15 -0.0454421 0.0642018 0.00180095 -0.000134562
4.16 -0.04019 0.0617277 0.00171075 -0.000778345
4.17 -0.0349063 0.0592001 0.00161878 -0.00142307
4.18 -0.0295955 0.0566214 0.00152513 -0.00206825
4.19 -0.024262 0.0539938 0.00142989 -0.00271337
4.2 -0.0189105 0.0513198 0.00133315 -0.00335794
4.21 -0.0135454 0.0486017 0.001235 -0.00400148
4.22 -0.00817119 0.045842 0.00113554 -0.00464348
4.23 -0.00279247 0.043043 0.00103486 -0.00528345
4.24 0.00258631 0.0402074 0.000933069 -0.0059209
4.25 0.00796065 0.0373375 0.000830256 -0.00655535
4.26 0.0133261 0.0344359 0.000726524 -0.00718631
4.27 0.0186782 0.0315051 0.000621974 -0.0078133
4.28 0.0240126 0.0285477 0.000516709 -0.00843585
4.29 0.0293248 0.0255662 0.000410831 -0.00905348
4.3 0.0346105 0.0225633 0.000304445 -0.00966572
4.31 0.0398653 0.0195415 0.000197655 -0.0102721
4.32 0.0450851 0.0165033 9.05676e-05 -0.0108722
4.33 0.0502655 0.0134515 -1.67124e-05 -0.0114655
4.34 0.0554023 0.0103887 -0.000124078 -0.0120516
4.35 0.0604914 0.00731732 -0.000231422 -0.01263
4.36 0.0655286 0.00424013 -0.000338637 -0.0132003
4.37 0.07051 0.00115969 -0.000445616 -0.0137621
4.38 0.0754315 -0.0019214 -0.000552251 -0.014315
4.39 0.0802892 -0.00500053 -0.000658434 -0.0148585
4.4 0.0850793 -0.00807512 -0.000764056 -0.0153922
4.41 0.0897978 -0.0111426 -0.000869011 -0.0159157
4.42 0.0944412 -0.0142004 -0.000973191 -0.0164286
4.43 0.0990056 -0.0172459 -0.00107649 -0.0169306
4.44 0.103488 -0.0202767 -0.00117879 -0.0174212
4.45 0.107884 -0.0232901 -0.00128001 -0.0179001
4.46 0.11219 -0.0262838 -0.00138001 -0.018367
4.47 0.116404 -0.0292552 -0.00147871 -0.0188214
4.48 0.120521 -0.0322019 -0.001576 -0.019263
4.49 0.12454 -0.0351215 -0.00167177 -0.0196915
4.5 0.128456 -0.0380115 -0.00176592 -0.0201066
4.51 0.132266 -0.0408696 -0.00185835 -0.020508
4.52 0.135968 -0.0436935 -0.00194895 -0.0208953
4.53 0.139559 -0.0464808 -0.00203763 -0.0212682
4.54 0.143037 -0.0492292 -0.00212429 -0.0216265
4.55 0.146397 -0.0519366 -0.00220883 -0.0219699
4.56 0.149638 -0.0546008 -0.00229115 -0.0222981
4.57 0.152758 -0.0572195 -0.00237116 -0.0226109
4.58 0.155754 -0.0597907 -0.00244877 -0.022908
4.59 0.158624 -0.0623123 -0.00252388 -0.0231892
4.6 0.161366 -0.0647822 -0.00259641 -0.0234543
4.61 0.163977 -0.0671986 -0.00266626 -0.0237031
4.62 0.166456 -0.0695593 -0.00273335 -0.0239353
4.63 0.168801 -0.0718626 -0.0027976 -0.0241508
4.64 0.17101 -0.0741065 -0.00285892 -0.0243494
4.65 0.173081 -0.0762894 -0.00291723 -0.0245309
4.66 0.175014 -0.0784094 -0.00297246 -0.0246952
4.67 0.176807 -0.0804649 -0.00302453 -0.0248422
4.68 0.178458 -0.0824542 -0.00307336 -0.0249717
4.69 0.179966 -0.0843757 -0.00311889 -0.0250836
4.7 0.181331 -0.086228 -0.00316104 -0.0251778
4.71 0.182551 -0.0880096 -0.00319976 -0.0252542
4.72 0.183625 -0.089719 -0.00323496 -0.0253127
4.73 0.184554 -0.0913549 -0.00326661 -0.0253532
4.74 0.185335 -0.0929159 -0.00329463 -0.0253758
4.75 0.18597 -0.094401 -0.00331897 -0.0253803
4.76 0.186456 -0.0958089 -0.00333958 -0.0253667
4.77 0.186795 -0.0971385 -0.00335642 -0.0253349
4.78 0.186986 -0.0983887 -0.00336942 -0.0252851
4.79 0.187029 -0.0995586 -0.00337855 -0.0252172
4.8 0.186924 -0.100647 -0.00338378 -0.0251311
4.81 0.186671 -0.101654 -0.00338505 -0.025027
4.82 0.186271 -0.102577 -0.00338234 -0.0249048
4.83 0.185724 -0.103417 -0.00337562 -0.0247646
4.84 0.185031 -0.104173 -0.00336486 -0.0246065
4.85 0.184191 -0.104844 -0.00335003 -0.0244306
4.86 0.183207 -0.10543 -0.00333112 -0.0242368
4.87 0.182079 -0.105929 -0.0033081 -0.0240254
4.88 0.180807 -0.106343 -0.00328096 -0.0237963
4.89 0.179394 -0.10667 -0.0032497 -0.0235498
4.9 0.177839 -0.10691 -0.00321431 -0.023286
4.91 0.176146 -0.107063 -0.00317477 -0.023005
4.92 0.174313 -0.107129 -0.0031311 -0.0227069
4.93 0.172345 -0.107107 -0.0030833 -0.0223919
4.94 0.170241 -0.106999 -0.00303138 -0.0220602
4.95 0.168004 -0.106803 -0.00297534 -0.0217119
4.96 0.165635 -0.10652 -0.0029152 -0.0213473
4.97 0.163137 -0.106151 -0.00285099 -0.0209666
4.98 0.160511 -0.105695 -0.00278272 -0.0205699
4.99 0.157759 -0.105153 -0.00271042 -0.0201574
5 0.154884 -0.104525 -0.00263413 -0.0197295
5.01 0.151888 -0.103812 -0.00255387 -0.0192863
5.02 0.148773 -0.103014 -0.00246969 -0.0188281
5.03 0.145542 -0.102132 -0.00238163 -0.0183552
5.04 0.142197 -0.101166 -0.00228974 -0.0178678
5.05 0.138741 -0.100118 -0.00219406 -0.0173661
5.06 0.135176 -0.0989875 -0.00209465 -0.0168505
5.07 0.131506 -0.0977759 -0.00199158 -0.0163213
5.08 0.127732 -0.096484 -0.00188489 -0.0157787
5.09 0.123858 -0.0951128 -0.00177466 -0.015223
5.1 0.119888 -0.0936634 -0.00166097 -0.0146546
5.11 0.115823 -0.0921367 -0.00154387 -0.0140738
5.12 0.111668 -0.090534 -0.00142346 -0.013481
5.13 0.107425 -0.0888563 -0.00129981 -0.0128763
5.14 0.103097 -0.0871051 -0.00117301 -0.0122603
5.15 0.0986882 -0.0852815 -0.00104315 -0.0116331
5.16 0.0942015 -0.0833869 -0.000910329 -0.0109953
5.17 0.0896404 -0.0814228 -0.000774639 -0.010347
5.18 0.0850083 -0.0793905 -0.000636184 -0.00968878
5.19 0.0803088 -0.0772917 -0.00049507 -0.00902089
5.2 0.0755454 -0.0751277 -0.000351407 -0.00834374
5.21 0.0707216 -0.0729003 -0.000205308 -0.00765769
5.22 0.0658411 -0.0706111 -5.68918e-05 -0.00696313
5.23 0.0609077 -0.0682618 9.37212e-05 -0.00626044
5.24 0.0559249 -0.0658541 0.000246406 -0.00555
5.25 0.0508966 -0.0633897 0.000401032 -0.00483221
5.26 0.0458264 -0.0608706 0.000557469 -0.00410746
5.27 0.0407183 -0.0582986 0.00071558 -0.00337615
5.28 0.0355759 -0.0556755 0.000875225 -0.00263867
5.29 0.0304032 -0.0530033 0.00103626 -0.00189544
5.3 0.025204 -0.0502839 0.00119854 -0.00114685
5.31 0.0199822 -0.0475194 0.00136191 -0.000393302
5.32 0.0147417 -0.0447118 0.00152622 0.000364789
5.33 0.00948633 -0.0418631 0.00169131 0.00112702
5.34 0.00422003 -0.0389755 0.00185702 0.00189298
5.35 -0.0010533 -0.036051 0.00202319 0.00266226
5.36 -0.00632976 -0.0330919 0.00218965 0.00343445
5.37 -0.0116054 -0.0301002 0.00235622 0.00420914
5.38 -0.0168764 -0.0270781 0.00252274 0.00498592
5.39 -0.0221388 -0.0240279 0.00268903 0.00576439
5.4 -0.0273887 -0.0209519 0.0028549 0.00654414
5.41 -0.0326223 -0.0178521 0.00302018 0.00732475
5.42 -0.0378357 -0.014731 0.00318468 0.00810584
5.43 -0.043025 -0.0115908 0.0033482 0.00888698
5.44 -0.0481865 -0.00843372 0.00351057 0.00966779
5.45 -0.0533163 -0.00526216 0.00367157 0.0104479
5.46 -0.0584107 -0.00207839 0.00383103 0.0112268
5.47 -0.063466 0.00111526 0.00398873 0.0120042
5.48 -0.0684784 0.00431647 0.00414448 0.0127797
5.49 -0.0734442 0.00752291 0.00429806 0.0135529
5.5 -0.0783599 0.0107322 0.00444928 0.0143234
5.51 -0.0832218 0.0139421 0.00459793 0.0150909
5.52 -0.0880264 0.0171503 0.00474379 0.0158549
5.53 -0.0927701 0.0203543 0.00488665 0.0166151
5.54 -0.0974495 0.0235519 0.00502629 0.0173711
5.55 -0.102061 0.0267408 0.0051625 0.0181226
5.56 -0.106602 0.0299186 0.00529505 0.0188692
5.57 -0.111068 0.033083 0.00542374 0.0196106
5.58 -0.115457 0.0362318 0.00554832 0.0203463
5.59 -0.119765 0.0393627 0.00566859 0.0210762
5.6 -0.123988 0.0424734 0.0057843 0.0217998
5.61 -0.128125 0.0455616 0.00589524 0.0225168
5.62 -0.132172 0.0486252 0.00600118 0.023227
5.63 -0.136126 0.0516618 0.00610189 0.0239299
5.64 -0.139984 0.0546694 0.00619713 0.0246253
5.65 -0.143743 0.0576457 0.00628667 0.0253129
5.66 -0.147401 0.0605887 0.00637028 0.0259924
5.67 -0.150955 0.0634961 0.00644773 0.0266635
5.68 -0.154402 0.0663659 0.00651878 0.027326
5.69 -0.157741 0.069196 0.00658319 0.0279795
5.7 -0.160968 0.0719844 0.00664074 0.0286239
5.71 -0.164081 0.0747291 0.00669117 0.0292588
5.72 -0.167078 0.0774281 0.00673426 0.0298841
5.73 -0.169957 0.0800794 0.00676977 0.0304994
5.74 -0.172715 0.0826812 0.00679746 0.0311047
5.75 -0.175352 0.0852317 0.0068171 0.0316996
5.76 -0.177864 0.0877289 0.00682843 0.0322839
5.77 -0.180251 0.0901711 0.00683124 0.0328576
5.78 -0.182509 0.0925566 0.00682528 0.0334203
5.79 -0.184639 0.0948836 0.00681032 0.0339719
5.8 -0.186638 0.0971505 0.00678611 0.0345123
5.81 -0.188504 0.0993557 0.00675243 0.0350412
5.82 -0.190238 0.101498 0.00670904 0.0355586
5.83 -0.191836 0.103575 0.0066557 0.0360643
5.84 -0.193299 0.105585 0.00659218 0.0365582
5.85 -0.194625 0.107528 0.00651825 0.0370402
5.86 -0.195813 0.109402 0.00643368 0.0375101
5.87 -0.196862 0.111206 0.00633824 0.0379679
5.88 -0.197772 0.112938 0.00623169 0.0384135
5.89 -0.198543 0.114597 0.00611382 0.0388469
5.9 -0.199172 0.116182 0.00598439 0.0392678
5.91 -0.199661 0.117692 0.00584319 0.0396764
5.92 -0.200009 0.119125 0.00568998 0.0400726
5.93 -0.200216 0.120482 0.00552456 0.0404563
5.94 -0.200281 0.12176 0.00534669 0.0408276
5.95 -0.200204 0.122959 0.00515617 0.0411864
5.96 -0.199987 0.124079 0.00495278 0.0415327
5.97 -0.199628 0.125117 0.00473631 0.0418666
5.98 -0.199128 0.126075 0.00450655 0.042188
5.99 -0.198488 0.126951 0.00426329 0.0424971
6 -0.197709 0.127744 0.00400632 0.0427939
6.01 -0.19679 0.128454 0.00373545 0.0430783
6.02 -0.195732 0.12908 0.00345048 0.0433506
6.03 -0.194538 0.129623 0.00315121 0.0436108
6.04 -0.193206 0.130082 0.00283745 0.043859
6.05 -0.191739 0.130456 0.002509 0.0440952
6.06 -0.190137 0.130746 0.00216568 0.0443197
6.07 -0.188403 0.130951 0.00180731 0.0445325
6.08 -0.186536 0.131071 0.00143371 0.0447338
6.09 -0.184539 0.131106 0.0010447 0.0449238
6.1 -0.182414 0.131056 0.000640111 0.0451025
6.11 -0.180161 0.130922 0.000219767 0.0452701
6.12 -0.177783 0.130704 -0.000216493 0.045427
6.13 -0.175281 0.130401 -0.00066883 0.0455731
6.14 -0.172658 0.130014 -0.0011374 0.0457088
6.15 -0.169915 0.129544 -0.00162237 0.0458342
6.16 -0.167054 0.128991 -0.00212387 0.0459497
6.17 -0.164079 0.128355 -0.00264205 0.0460553
6.18 -0.16099 0.127637 -0.00317705 0.0461514
6.19 -0.157791 0.126839 -0.00372902 0.0462381
6.2 -0.154484 0.125959 -0.00429808 0.0463159
6.21 -0.151072 0.125 -0.00488435 0.0463849
6.22 -0.147557 0.123962 -0.00548796 0.0464454
6.23 -0.143941 0.122845 -0.00610904 0.0464977
6.24 -0.140229 0.121652 -0.00674768 0.0465421
6.25 -0.136422 0.120383 -0.007404 0.046579
6.26 -0.132524 0.119038 -0.0080781 0.0466086
6.27 -0.128537 0.11762 -0.00877008 0.0466312
6.28 -0.124465 0.116129 -0.00948003 0.0466473
6.29 -0.120311 0.114566 -0.010208 0.0466571
6.3 -0.116079 0.112934 -0.0109542 0.0466609
6.31 -0.111771 0.111233 -0.0117186 0.0466593
6.32 -0.107391 0.109464 -0.0125012 0.0466524
6.33 -0.102942 0.10763 -0.0133022 0.0466407
6.34 -0.0984289 0.105732 -0.0141216 0.0466246
6.35 -0.0938539 0.103771 -0.0149595 0.0466044
6.36 -0.089221 0.101748 -0.0158159 0.0465806
6.37 -0.084534 0.0996672 -0.0166908 0.0465535
6.38 -0.0797967 0.0975283 -0.0175844 0.0465235
6.39 -0.0750127 0.0953338 -0.0184965 0.0464911
6.4 -0.070186 0.0930854 -0.0194274 0.0464567
6.41 -0.0653204 0.0907851 -0.0203769 0.0464207
6.42 -0.0604198 0.0884348 -0.021345 0.0463835
6.43 -0.0554883 0.0860365 -0.0223319 0.0463456
6.44 -0.0505297 0.0835923 -0.0233374 0.0463073
6.45 -0.0455482 0.0811042 -0.0243616 0.0462692
6.46 -0.0405478 0.0785744 -0.0254045 0.0462317
6.47 -0.0355326 0.076005 -0.0264661 0.0461952
6.48 -0.0305067 0.0733983 -0.0275463 0.0461602
6.49 -0.0254743 0.0707565 -0.028645 0.0461271
6.5 -0.0204395 0.0680818 -0.0297624 0.0460964
6.51 -0.0154066 0.0653766 -0.0308982 0.0460686
6.52 -0.0103797 0.0626433 -0.0320526 0.0460441
6.53 -0.00536299 0.0598842 -0.0332253 0.0460233
6.54 -0.000360782 0.0571018 -0.0344164 0.0460069
6.55 0.00462273 0.0542984 -0.0356257 0.0459951
6.56 0.0095833 0.0514767 -0.0368533 0.0459886
6.57 0.0145167 0.048639 -0.038099 0.0459877
6.58 0.0194187 0.0457878 -0.0393627 0.045993
6.59 0.024285 0.0429258 -0.0406443 0.0460048
6.6 0.0291115 0.0400555 -0.0419438 0.0460238
6.61 0.0338938 0.0371795 -0.043261 0.0460503
6.62 0.0386279 0.0343004 -0.0445958 0.0460848
6.63 0.0433094 0.0314208 -0.0459481 0.0461278
6.64 0.0479343 0.0285433 -0.0473177 0.0461798
6.65 0.0524984 0.0256706 -0.0487046 0.0462412
6.66 0.0569975 0.0228054 -0.0501085 0.0463125
6.67 0.0614275 0.0199503 -0.0515294 0.0463942
6.68 0.0657845 0.017108 -0.0529671 0.0464867
6.69 0.0700642 0.0142812 -0.0544213 0.0465905
6.7 0.0742627 0.0114726 -0.055892 0.046706
6.71 0.0783761 0.00868477 -0.057379 0.0468338
6.72 0.0824004 0.00592052 -0.0588821 0.0469741
6.73 0.0863317 0.00318251 -0.060401 0.0471275
6.74 0.0901661 0.000473415 -0.0619357 0.0472945
6.75 0.0938999 -0.00220408 -0.0634859 0.0474754
6.76 0.0975293 -0.00484731 -0.0650513 0.0476707
6.77 0.101051 -0.0074536 -0.0666319 0.0478808
6.78 0.10446 -0.0100203 -0.0682273 0.0481061
6.79 0.107755 -0.0125448 -0.0698373 0.0483471
6.8 0.11093 -0.0150244 -0.0714618 0.0486041
6.81 0.113983 -0.0174565 -0.0731004 0.0488776
6.82 0.116911 -0.0198386 -0.0747529 0.049168
6.83 0.11971 -0.0221681 -0.0764191 0.0494755
6.84 0.122376 -0.0244423 -0.0780987 0.0498007
6.85 0.124907 -0.0266588 -0.0797914 0.0501439
6.86 0.127299 -0.0288151 -0.081497 0.0505054
6.87 0.12955 -0.0309087 -0.0832152 0.0508857
6.88 0.131656 -0.0329371 -0.0849457 0.051285
6.89 0.133615 -0.0348979 -0.0866882 0.0517037
6.9 0.135424 -0.0367888 -0.0884424 0.0521421
6.91 0.13708 -0.0386073 -0.0902081 0.0526006
6.92 0.13858 -0.0403512 -0.0919849 0.0530794
6.93 0.139923 -0.0420182 -0.0937726 0.053579
6.94 0.141105 -0.043606 -0.0955707 0.0540994
6.95 0.142124 -0.0451124 -0.097379 0.0546411
6.96 0.142978 -0.0465353 -0.0991971 0.0552044
6.97 0.143665 -0.0478725 -0.101025 0.0557894
6.98 0.144183 -0.049122 -0.102862 0.0563964
6.99 0.14453 -0.0502817 -0.104707 0.0570257
7 0.144705 -0.0513497 -0.106561 0.0576774
7.01 0.144704 -0.052324 -0.108424 0.0583519
7.02 0.144527 -0.0532028 -0.110294 0.0590493
7.03 0.144172 -0.0539842 -0.112171 0.0597698
7.04 0.143639 -0.0546665 -0.114055 0.0605136
7.05 0.142924 -0.055248 -0.115947 0.0612808
7.06 0.142028 -0.0557269 -0.117844 0.0620716
7.07 0.140949 -0.0561017 -0.119747 0.0628862
7.08 0.139687 -0.056371 -0.121656 0.0637247
7.09 0.13824 -0.056533 -0.12357 0.0645871
7.1 0.136608 -0.0565866 -0.125489 0.0654737
7.11 0.134789 -0.0565303 -0.127412 0.0663844
7.12 0.132785 -0.0563628 -0.129338 0.0673194
7.13 0.130593 -0.056083 -0.131269 0.0682787
7.14 0.128215 -0.0556896 -0.133202 0.0692624
7.15 0.12565 -0.0551817 -0.135139 0.0702705
7.16 0.122897 -0.0545581 -0.137077 0.071303
7.17 0.119957 -0.0538179 -0.139017 0.07236
7.18 0.116831 -0.0529603 -0.140959 0.0734413
7.19 0.113518 -0.0519845 -0.142902 0.0745471
7.2 0.110019 -0.0508897 -0.144845 0.0756772
7.21 0.106335 -0.0496754 -0.146789 0.0768317
7.22 0.102466 -0.0483408 -0.148732 0.0780103
7.23 0.0984128 -0.0468856 -0.150674 0.0792132
7.24 0.0941772 -0.0453093 -0.152615 0.0804401
7.25 0.0897598 -0.0436115 -0.154555 0.0816909
7.26 0.0851619 -0.0417921 -0.156492 0.0829656
7.27 0.0803847 -0.0398508 -0.158427 0.0842639
7.28 0.0754299 -0.0377874 -0.160359 0.0855858
7.29 0.0702988 -0.0356021 -0.162287 0.086931
7.3 0.0649933 -0.0332948 -0.164212 0.0882994
7.31 0.0595152 -0.0308656 -0.166132 0.0896907
7.32 0.0538664 -0.0283149 -0.168047 0.0911048
7.33 0.048049 -0.0256428 -0.169957 0.0925414
7.34 0.0420652 -0.0228498 -0.171862 0.0940002
7.35 0.0359173 -0.0199364 -0.17376 0.0954811
7.36 0.0296076 -0.016903 -0.175651 0.0969836
7.37 0.0231388 -0.0137503 -0.177535 0.0985076
7.38 0.0165136 -0.010479 -0.179412 0.100053
7.39 0.00973456 -0.00708994 -0.181281 0.101619
7.4 0.00280473 -0.00358394 -0.183141 0.103205
7.41 -0.00427293 3.80088e-05 -0.184992 0.104811
7.42 -0.0114953 0.00377488 -0.186833 0.106438
7.43 -0.0188592 0.00762555 -0.188665 0.108083
7.44 -0.0263613 0.0115888 -0.190486 0.109748
7.45 -0.033998 0.0156634 -0.192296 0.111431
7.46 -0.041766 0.0198478 -0.194095 0.113132
7.47 -0.0496616 0.0241408 -0.195882 0.114851
7.48 -0.0576809 0.0285407 -0.197657 0.116587
7.49 -0.0658202 0.033046 -0.199419 0.118339
7.5 -0.0740754 0.0376548 -0.201168 0.120108
7.51 -0.0824427 0.0423656 -0.202903 0.121893
7.52 -0.0909177 0.0471764 -0.204624 0.123693
7.53 -0.0994964 0.0520852 -0.20633 0.125508
7.54 -0.108174 0.0570902 -0.208021 0.127337
7.55 -0.116947 0.0621891 -0.209697 0.12918
7.56 -0.12581 0.0673798 -0.211357 0.131036
7.57 -0.134759 0.0726602 -0.213 0.132904
7.58 -0.143789 0.0780279 -0.214626 0.134784
7.59 -0.152895 0.0834804 -0.216235 0.136676
7.6 -0.162073 0.0890154 -0.217826 0.138578
7.61 -0.171318 0.0946304 -0.219399 0.14049
7.62 -0.180624 0.100323 -0.220953 0.142412
7.63 -0.189987 0.10609 -0.222489 0.144343
7.64 -0.199402 0.111928 -0.224004 0.146281
7.65 -0.208863 0.117836 -0.2255 0.148228
7.66 -0.218365 0.123811 -0.226975 0.150181
7.67 -0.227903 0.129848 -0.228429 0.15214
7.68 -0.237472 0.135946 -0.229862 0.154105
7.69 -0.247065 0.142101 -0.231273 0.156074
7.7 -0.256679 0.148311 -0.232662 0.158047
7.71 -0.266307 0.154571 -0.234029 0.160024
7.72 -0.275943 0.160879 -0.235372 0.162003
7.73 -0.285583 0.167232 -0.236693 0.163984
7.74 -0.29522 0.173626 -0.237989 0.165965
7.75 -0.304849 0.180058 -0.239261 0.167948
7.76 -0.314465 0.186523 -0.240509 0.169929
7.77 -0.324061 0.19302 -0.241732 0.171909
7.78 -0.333631 0.199544 -0.24293 0.173888
7.79 -0.343171 0.206092 -0.244102 0.175863
7.8 -0.352675 0.21266 -0.245247 0.177835
7.81 -0.362135 0.219245 -0.246367 0.179802
7.82 -0.371548 0.225842 -0.247459 0.181764
7.83 -0.380906 0.232448 -0.248525 0.18372
7.84 -0.390205 0.23906 -0.249562 0.185669
7.85 -0.399438 0.245673 -0.250573 0.187611
7.86 -0.4086 0.252284 -0.251554 0.189544
7.87 -0.417685 0.258888 -0.252508 0.191467
7.88 -0.426687 0.265483 -0.253432 0.19338
7.89 -0.4356 0.272063 -0.254328 0.195283
7.9 -0.444418 0.278625 -0.255194 0.197173
7.91 -0.453137 0.285166 -0.25603 0.199051
7.92 -0.461749 0.29168 -0.256836 0.200915
7.93 -0.47025 0.298165 -0.257611 0.202764
7.94 -0.478634 0.304616 -0.258356 0.204599
7.95 -0.486895 0.311029 -0.25907 0.206417
7.96 -0.495028 0.3174 -0.259753 0.208219
7.97 -0.503026 0.323725 -0.260405 0.210002
7.98 -0.510886 0.33 -0.261024 0.211767
7.99 -0.5186 0.336221 -0.261612 0.213513
8 -0.526165 0.342385 -0.262167 0.215238
8.01 -0.533574 0.348486 -0.26269 0.216942
8.02 -0.540822 0.354521 -0.26318 0.218624
8.03 -0.547904 0.360486 -0.263638 0.220284
8.04 -0.554815 0.366377 -0.264062 0.221919
8.05 -0.56155 0.372191 -0.264453 0.223531
8.06 -0.568104 0.377922 -0.26481 0.225116
8.07 -0.574471 0.383567 -0.265133 0.226676
8.08 -0.580648 0.389122 -0.265423 0.228209
8.09 -0.586629 0.394584 -0.265679 0.229714
8.1 -0.59241 0.399948 -0.2659 0.231191
8.11 -0.597985 0.40521 -0.266087 0.232638
8.12 -0.603352 0.410368 -0.266239 0.234055
8.13 -0.608504 0.415416 -0.266357 0.235441
8.14 -0.613438 0.420351 -0.26644 0.236795
8.15 -0.61815 0.42517 -0.266488 0.238117
8.16 -0.622636 0.429868 -0.266501 0.239406
8.17 -0.626891 0.434443 -0.266479 0.240661
8.18 -0.630912 0.43889 -0.266421 0.241881
8.19 -0.634694 0.443206 -0.266329 0.243066
8.2 -0.638236 0.447388 -0.2662 0.244214
8.21 -0.641532 0.451432 -0.266037 0.245326
8.22 -0.644579 0.455335 -0.265838 0.2464
8.23 -0.647374 0.459094 -0.265603 0.247435
8.24 -0.649915 0.462704 -0.265333 0.248432
8.25 -0.652197 0.466164 -0.265027 0.249389
8.26 -0.654219 0.469469 -0.264685 0.250306
8.27 -0.655977 0.472618 -0.264308 0.251182
8.28 -0.657468 0.475606 -0.263895 0.252017
8.29 -0.658691 0.478431 -0.263446 0.252809
8.3 -0.659643 0.481091 -0.262961 0.253559
8.31 -0.660321 0.483581 -0.262441 0.254265
8.32 -0.660724 0.485901 -0.261886 0.254927
8.33 -0.66085 0.488046 -0.261295 0.255545
8.34 -0.660697 0.490015 -0.260668 0.256118
8.35 -0.660264 0.491805 -0.260006 0.256645
8.36 -0.659548 0.493414 -0.259309 0.257126
8.37 -0.65855 0.49484 -0.258576 0.257561
8.38 -0.657266 0.49608 -0.257808 0.257948
8.39 -0.655698 0.497132 -0.257005 0.258289
8.4 -0.653843 0.497994 -0.256167 0.258581
8.41 -0.651702 0.498665 -0.255294 0.258825
8.42 -0.649273 0.499142 -0.254387 0.25902
8.43 -0.646557 0.499424 -0.253445 0.259166
8.44 -0.643553 0.49951 -0.252468 0.259262
8.45 -0.640261 0.499397 -0.251457 0.259309
8.46 -0.636682 0.499085 -0.250413 0.259305
8.47 -0.632815 0.498572 -0.249334 0.259251
8.48 -0.628662 0.497858 -0.248221 0.259146
8.49 -0.624223 0.49694 -0.247075 0.25899
8.5 -0.619498 0.495818 -0.245896 0.258783
8.51 -0.61449 0.494492 -0.244683 0.258524
8.52 -0.609199 0.49296 -0.243438 0.258213
8.53 -0.603626 0.491222 -0.24216 0.25785
8.54 -0.597773 0.489277 -0.240849 0.257435
8.55 -0.591642 0.487126 -0.239506 0.256968
8.56 -0.585234 0.484767 -0.238132 0.256448
8.57 -0.578552 0.482201 -0.236725 0.255876
8.58 -0.571599 0.479428 -0.235288 0.255251
8.59 -0.564375 0.476448 -0.233819 0.254574
8.6 -0.556884 0.473261 -0.23232 0.253843
8.61 -0.549129 0.469867 -0.23079 0.25306
8.62 -0.541112 0.466267 -0.22923 0.252224
8.63 -0.532837 0.462461 -0.22764 0.251336
8.64 -0.524307 0.458451 -0.226021 0.250395
8.65 -0.515525 0.454236 -0.224372 0.249401
8.66 -0.506495 0.449819 -0.222695 0.248354
8.67 -0.497221 0.4452 -0.220989 0.247255
8.68 -0.487706 0.44038 -0.219256 0.246104
8.69 -0.477954 0.435361 -0.217494 0.244901
8.7 -0.467971 0.430144 -0.215705 0.243646
8.71 -0.457759 0.424731 -0.21389 0.242339
8.72 -0.447324 0.419124 -0.212047 0.240981
8.73 -0.436671 0.413324 -0.210179 0.239571
8.74 -0.425804 0.407333 -0.208285 0.23811
8.75 -0.414728 0.401154 -0.206366 0.236599
8.76 -0.403448 0.394788 -0.204421 0.235037
8.77 -0.391971 0.388238 -0.202453 0.233425
8.78 -0.3803 0.381507 -0.20046 0.231764
8.79 -0.368442 0.374597 -0.198444 0.230053
8.8 -0.356403 0.367511 -0.196405 0.228294
8.81 -0.344188 0.360252 -0.194343 0.226486
8.82 -0.331803 0.352822 -0.192259 0.22463
8.83 -0.319255 0.345225 -0.190154 0.222727
8.84 -0.306549 0.337464 -0.188027 0.220777
8.85 -0.293693 0.329542 -0.18588 0.21878
8.86 -0.280692 0.321463 -0.183712 0.216737
8.87 -0.267553 0.31323 -0.181525 0.214649
8.88 -0.254284 0.304847 -0.179319 0.212516
8.89 -0.24089 0.296318 -0.177094 0.210339
8.9 -0.22738 0.287646 -0.17485 0.208119
8.91 -0.213759 0.278836 -0.17259 0.205856
8.92 -0.200035 0.269891 -0.170312 0.20355
8.93 -0.186216 0.260816 -0.168018 0.201203
8.94 -0.172308 0.251616 -0.165708 0.198816
8.95 -0.15832 0.242294 -0.163382 0.196388
8.96 -0.144259 0.232855 -0.161041 0.193921
8.97 -0.130132 0.223304 -0.158687 0.191415
8.98 -0.115947 0.213645 -0.156318 0.188872
8.99 -0.101712 0.203884 -0.153936 0.186292
9 -0.0874344 0.194025 -0.151542 0.183676
9.01 -0.073123 0.184073 -0.149136 0.181025
9.02 -0.0587853 0.174033 -0.146718 0.178339
9.03 -0.0444294 0.163911 -0.144289 0.17562
9.04 -0.0300634 0.153711 -0.14185 0.172869
9.05 -0.0156954 0.143439 -0.139402 0.170085
9.06 -0.00133365 0.133101 -0.136944 0.167272
9.07 0.0130136 0.122701 -0.134478 0.164428
9.08 0.0273381 0.112246 -0.132004 0.161556
9.09 0.0416316 0.10174 -0.129522 0.158656
9.1 0.0558856 0.0911908 -0.127034 0.155729
9.11 0.070092 0.0806025 -0.12454 0.152777
9.12 0.0842422 0.0699815 -0.122041 0.1498
9.13 0.098328 0.0593335 -0.119536 0.146799
9.14 0.112341 0.0486645 -0.117028 0.143776
9.15 0.126273 0.0379804 -0.114515 0.140731
9.16 0.140115 0.0272872 -0.112 0.137666
9.17 0.153859 0.0165911 -0.109483 0.134581
9.18 0.167497 0.00589803 -0.106963 0.131478
9.19 0.18102 -0.00478583 -0.104443 0.128359
9.2 0.19442 -0.0154543 -0.101922 0.125223
9.21 0.207689 -0.0261012 -0.0994009 0.122073
9.22 0.220819 -0.0367203 -0.0968808 0.118909
9.23 0.233801 -0.0473055 -0.094362 0.115732
9.24 0.246627 -0.0578503 -0.0918452 0.112544
9.25 0.259289 -0.0683486 -0.0893311 0.109346
9.26 0.27178 -0.078794 -0.0868201 0.10614
9.27 0.28409 -0.0891804 -0.084313 0.102925
9.28 0.296213 -0.0995013 -0.0818104 0.099704
9.29 0.30814 -0.10975 -0.0793128 0.0964777
9.3 0.319863 -0.119922 -0.076821 0.0932472
9.31 0.331376 -0.130009 -0.0743355 0.0900139
9.32 0.34267 -0.140005 -0.0718569 0.0867789
9.33 0.353738 -0.149905 -0.069386 0.0835435
9.34 0.364572 -0.159701 -0.0669231 0.080309
9.35 0.375166 -0.169389 -0.0644691 0.0770764
9.36 0.385512 -0.17896 -0.0620245 0.0738472
9.37 0.395603 -0.188411 -0.0595898 0.0706225
9.38 0.405431 -0.197734 -0.0571658 0.0674035
9.39 0.414991 -0.206923 -0.0547529 0.0641915
9.4 0.424276 -0.215972 -0.0523519 0.0609878
9.41 0.433279 -0.224875 -0.0499632 0.0577935
9.42 0.441993 -0.233627 -0.0475875 0.0546099
9.43 0.450413 -0.242221 -0.0452254 0.0514383
9.44 0.458532 -0.250652 -0.0428774 0.0482798
9.45 0.466344 -0.258914 -0.0405442 0.0451357
9.46 0.473844 -0.267002 -0.0382263 0.0420072
9.47 0.481026 -0.274909 -0.0359242 0.0388956
9.48 0.487885 -0.28263 -0.0336385 0.035802
9.49 0.494414 -0.29016 -0.0313699 0.0327276
9.5 0.50061 -0.297493 -0.0291188 0.0296737
9.51 0.506467 -0.304625 -0.0268858 0.0266415
9.52 0.511981 -0.311549 -0.0246715 0.023632
9.53 0.517146 -0.318262 -0.0224763 0.0206466
9.54 0.521959 -0.324757 -0.0203008 0.0176863
9.55 0.526416 -0.331031 -0.0181456 0.0147523
9.56 0.530512 -0.337078 -0.0160111 0.0118459
9.57 0.534244 -0.342893 -0.013898 0.00896796
9.58 0.537609 -0.348473 -0.0118066 0.00611979
9.59 0.540602 -0.353813 -0.00973743 0.00330245
9.6 0.543222 -0.358908 -0.00769109 0.000517046
9.61 0.545464 -0.363755 -0.00566801 -0.00223534
9.62 0.547327 -0.36835 -0.00366868 -0.00495364
9.63 0.548808 -0.372688 -0.00169356 -0.0076368
9.64 0.549905 -0.376766 0.000256874 -0.0102838
9.65 0.550616 -0.38058 0.00218217 -0.0128936
9.66 0.550939 -0.384127 0.00408188 -0.0154651
9.67 0.550873 -0.387404 0.00595556 -0.0179975
9.68 0.550417 -0.390407 0.00780279 -0.0204896
9.69 0.54957 -0.393133 0.00962312 -0.0229407
9.7 0.54833 -0.395581 0.0114162 -0.0253497
9.71 0.546698 -0.397746 0.0131815 -0.0277156
9.72 0.544674 -0.399627 0.0149187 -0.0300377
9.73 0.542257 -0.401222 0.0166274 -0.0323151
9.74 0.539447 -0.402527 0.0183073 -0.0345468
9.75 0.536246 -0.403542 0.0199579 -0.0367321
9.76 0.532654 -0.404264 0.0215789 -0.0388702
9.77 0.528672 -0.404692 0.0231699 -0.0409601
9.78 0.524301 -0.404825 0.0247307 -0.0430013
9.79 0.519544 -0.40466 0.0262608 -0.0449929
9.8 0.514402 -0.404198 0.0277599 -0.0469343
9.81 0.508877 -0.403437 0.0292278 -0.0488246
9.82 0.502972 -0.402377 0.0306642 -0.0506634
9.83 0.496689 -0.401017 0.0320686 -0.0524498
9.84 0.490031 -0.399357 0.033441 -0.0541834
9.85 0.483002 -0.397397 0.0347809 -0.0558634
9.86 0.475605 -0.395136 0.0360881 -0.0574894
9.87 0.467843 -0.392577 0.0373625 -0.0590608
9.88 0.459721 -0.389718 0.0386037 -0.0605771
9.89 0.451243 -0.38656 0.0398115 -0.0620379
9.9 0.442414 -0.383106 0.0409857 -0.0634425
9.91 0.433238 -0.379355 0.0421261 -0.0647907
9.92 0.42372 -0.375309 0.0432326 -0.0660821
9.93 0.413867 -0.37097 0.0443049 -0.0673162
9.94 0.403682 -0.366339 0.0453428 -0.0684927
9.95 0.393173 -0.361419 0.0463463 -0.0696114
9.96 0.382345 -0.356212 0.0473151 -0.0706719
9.97 0.371205 -0.35072 0.0482491 -0.071674
9.98 0.359759 -0.344945 0.0491483 -0.0726174
9.99 0.348015 -0.338891 0.0500124 -0.0735021
10 0.335978 -0.332561 0.0508414 -0.0743278
10.01 0.323657 -0.325958 0.0516353 -0.0750943
10.02 0.31106 -0.319085 0.0523939 -0.0758017
10.03 0.298193 -0.311947 0.0531172 -0.0764499
10.04 0.285066 -0.304546 0.0538051 -0.0770388
10.05 0.271686 -0.296887 0.0544576 -0.0775684
10.06 0.258062 -0.288975 0.0550747 -0.0780387
10.07 0.244202 -0.280814 0.0556564 -0.0784499
10.08 0.230116 -0.272409 0.0562026 -0.078802
10.09 0.215813 -0.263764 0.0567134 -0.0790952
10.1 0.201303 -0.254885 0.0571888 -0.0793295
10.11 0.186594 -0.245777 0.0576289 -0.0795053
10.12 0.171696 -0.236446 0.0580336 -0.0796227
10.13 0.15662 -0.226897 0.0584031 -0.0796821
10.14 0.141376 -0.217137 0.0587375 -0.0796835
10.15 0.125974 -0.207171 0.0590367 -0.0796276
10.16 0.110425 -0.197006 0.059301 -0.0795144
10.17 0.094739 -0.186648 0.0595305 -0.0793446
10.18 0.0789273 -0.176103 0.0597252 -0.0791184
10.19 0.0630008 -0.16538 0.0598853 -0.0788363
10.2 0.0469709 -0.154485 0.060011 -0.0784988
10.21 0.0308488 -0.143425 0.0601025 -0.0781065
10.22 0.0146459 -0.132207 0.0601598 -0.0776598
10.23 -0.00162595 -0.120839 0.0601833 -0.0771594
10.24 -0.0179552 -0.109329 0.060173 -0.0766059
10.25 -0.0343298 -0.097685 0.0601293 -0.0759998
10.26 -0.050738 -0.0859145 0.0600523 -0.0753419
10.27 -0.0671675 -0.0740258 0.0599423 -0.0746328
10.28 -0.0836062 -0.0620275 0.0597995 -0.0738734
10.29 -0.100042 -0.0499279 0.0596243 -0.0730643
10.3 -0.116462 -0.0377356 0.0594168 -0.0722064
10.31 -0.132854 -0.0254595 0.0591774 -0.0713004
10.32 -0.149206 -0.0131085 0.0589064 -0.0703472
10.33 -0.165505 -0.000691485 0.0586041 -0.0693476
10.34 -0.181739 0.0117823 0.0582708 -0.0683027
10.35 -0.197894 0.0243037 0.0579068 -0.0672133
10.36 -0.213958 0.0368633 0.0575126 -0.0660803
10.37 -0.229919 0.0494516 0.0570884 -0.0649047
10.38 -0.245763 0.0620591 0.0566347 -0.0636876
10.39 -0.261479 0.0746762 0.0561518 -0.06243
10.4 -0.277052 0.087293 0.0556401 -0.061133
10.41 -0.292471 0.0998999 0.0551 -0.0597975
10.42 -0.307723 0.112487 0.054532 -0.0584248
10.43 -0.322795 0.125044 0.0539364 -0.0570159
10.44 -0.337675 0.137562 0.0533138 -0.055572
10.45 -0.352349 0.150029 0.0526645 -0.0540943
10.46 -0.366806 0.162437 0.051989 -0.0525839
10.47 -0.381033 0.174774 0.0512879 -0.0510421
10.48 -0.395017 0.187031 0.0505615 -0.0494702
10.49 -0.408747 0.199198 0.0498104 -0.0478693
10.5 -0.422209 0.211264 0.0490351 -0.0462407
10.51 -0.435393 0.223219 0.0482361 -0.0445858
10.52 -0.448286 0.235053 0.0474138 -0.0429058
10.53 -0.460876 0.246756 0.046569 -0.041202
10.54 -0.473152 0.258317 0.045702 -0.0394759
10.55 -0.485102 0.269727 0.0448134 -0.0377286
10.56 -0.496714 0.280974 0.0439038 -0.0359617
10.57 -0.507978 0.29205 0.0429738 -0.0341765
10.58 -0.518882 0.302944 0.042024 -0.0323744
10.59 -0.529416 0.313645 0.0410548 -0.0305567
10.6 -0.539568 0.324145 0.040067 -0.028725
10.61 -0.549329 0.334433 0.0390611 -0.0268805
10.62 -0.558688 0.344499 0.0380377 -0.0250248
10.63 -0.567635 0.354334 0.0369975 -0.0231593
10.64 -0.57616 0.363928 0.035941 -0.0212855
10.65 -0.584254 0.373271 0.034869 -0.0194047
10.66 -0.591907 0.382355 0.0337819 -0.0175185
10.67 -0.599112 0.391169 0.0326806 -0.0156283
10.68 -0.605857 0.399705 0.0315656 -0.0137355
10.69 -0.612136 0.407954 0.0304376 -0.0118417
10.7 -0.617941 0.415906 0.0292973 -0.00994837
10.71 -0.623262 0.423553 0.0281453 -0.00805688
10.72 -0.628094 0.430887 0.0269823 -0.00616875
10.73 -0.632427 0.437899 0.0258089 -0.00428544
10.74 -0.636257 0.444581 0.024626 -0.00240841
10.75 -0.639575 0.450925 0.0234341 -0.000539136
10.76 -0.642376 0.456922 0.0222339 0.00132094
10.77 -0.644655 0.462566 0.0210262 0.00317035
10.78 -0.646404 0.46785 0.0198117 0.00500766
10.79 -0.647621 0.472765 0.018591 0.00683144
10.8 -0.648298 0.477304 0.0173649 0.00864025
10.81 -0.648433 0.481462 0.016134 0.0104327
10.82 -0.648022 0.485232 0.0148991 0.0122073
10.83 -0.64706 0.488607 0.013661 0.0139627
10.84 -0.645545 0.491582 0.0124203 0.0156976
10.85 -0.643473 0.49415 0.0111777 0.0174105
10.86 -0.640843 0.496307 0.00993398 0.0191001
10.87 -0.637653 0.498047 0.00868986 0.0207651
10.88 -0.633901 0.499365 0.00744605 0.0224041
10.89 -0.629586 0.500257 0.00620329 0.0240158
10.9 -0.624708 0.500719 0.00496229 0.025599
10.91 -0.619267 0.500747 0.00372379 0.0271523
10.92 -0.613262 0.500337 0.00248849 0.0286746
10.93 -0.606696 0.499485 0.00125713 0.0301646
10.94 -0.599568 0.49819 3.04307e-05 0.0316211
10.95 -0.591881 0.496447 -0.00119089 0.0330429
10.96 -0.583637 0.494256 -0.00240611 0.0344289
10.97 -0.574839 0.491614 -0.00361452 0.0357779
10.98 -0.56549 0.48852 -0.0048154 0.0370889
10.99 -0.555593 0.484972 -0.00600804 0.0383608
11 -0.545154 0.48097 -0.00719173 0.0395925
11.01 -0.534176 0.476513 -0.00836577 0.040783
11.02 -0.522664 0.471602 -0.00952945 0.0419313
11.03 -0.510625 0.466236 -0.0106821 0.0430365
11.04 -0.498064 0.460416 -0.011823 0.0440977
11.05 -0.484988 0.454143 -0.0129514 0.0451139
11.06 -0.471405 0.44742 -0.0140668 0.0460844
11.07 -0.457321 0.440247 -0.0151683 0.0470082
11.08 -0.442746 0.432628 -0.0162554 0.0478847
11.09 -0.427687 0.424565 -0.0173274 0.048713
11.1 -0.412154 0.416061 -0.0183836 0.0494924
11.11 -0.396157 0.407119 -0.0194234 0.0502224
11.12 -0.379705 0.397744 -0.020446 0.0509021
11.13 -0.36281 0.387941 -0.021451 0.0515312
11.14 -0.345482 0.377713 -0.0224377 0.0521089
11.15 -0.327732 0.367067 -0.0234054 0.0526348
11.16 -0.309574 0.356007 -0.0243535 0.0531084
11.17 -0.291019 0.344541 -0.0252815 0.0535293
11.18 -0.272081 0.332674 -0.0261887 0.053897
11.19 -0.252773 0.320414 -0.0270745 0.0542114
11.2 -0.23311 0.307768 -0.0279385 0.0544719
11.21 -0.213104 0.294743 -0.02878 0.0546784
11.22 -0.192772 0.281349 -0.0295985 0.0548307
11.23 -0.172129 0.267593 -0.0303934 0.0549286
11.24 -0.15119 0.253486 -0.0311643 0.0549719
11.25 -0.129972 0.239035 -0.0319105 0.0549607
11.26 -0.108492 0.224252 -0.0326317 0.0548948
11.27 -0.086765 0.209147 -0.0333273 0.0547743
11.28 -0.0648103 0.19373 -0.0339968 0.0545992
11.29 -0.042645 0.178013 -0.0346398 0.0543697
11.3 -0.0202876 0.162007 -0.0352559 0.0540859
11.31 0.00224346 0.145724 -0.0358445 0.0537481
11.32 0.0249292 0.129177 -0.0364053 0.0533564
11.33 0.0477503 0.112378 -0.0369379 0.0529111
11.34 0.0706871 0.0953405 -0.0374419 0.0524127
11.35 0.0937197 0.0780783 -0.0379169 0.0518615
11.36 0.116828 0.0606051 -0.0383625 0.051258
11.37 0.13999 0.0429352 -0.0387785 0.0506026
11.38 0.163187 0.0250833 -0.0391644 0.049896
11.39 0.186397 0.00706425 -0.03952 0.0491386
11.4 0.209598 -0.0111065 -0.039845 0.0483311
11.41 0.232768 -0.0294133 -0.0401391 0.0474743
11.42 0.255887 -0.0478401 -0.040402 0.0465688
11.43 0.278931 -0.0663707 -0.0406336 0.0456154
11.44 0.301878 -0.0849884 -0.0408335 0.044615
11.45 0.324707 -0.103676 -0.0410017 0.0435684
11.46 0.347393 -0.122417 -0.0411378 0.0424765
11.47 0.369915 -0.141194 -0.0412418 0.0413404
11.48 0.39225 -0.159988 -0.0413135 0.0401609
11.49 0.414374 -0.178782 -0.0413527 0.0389393
11.5 0.436264 -0.197557 -0.0413594 0.0376765
11.51 0.457898 -0.216296 -0.0413335 0.0363737
11.52 0.479251 -0.234979 -0.041275 0.0350322
11.53 0.500301 -0.253588 -0.0411836 0.0336531
11.54 0.521024 -0.272103 -0.0410596 0.0322377
11.55 0.541398 -0.290506 -0.0409027 0.0307873
11.56 0.561398 -0.308777 -0.0407132 0.0293033
11.57 0.581002 -0.326896 -0.0404909 0.0277871
11.58 0.600186 -0.344844 -0.040236 0.0262401
11.59 0.618928 -0.362601 -0.0399485 0.0246637
11.6 0.637204 -0.380148 -0.0396286 0.0230596
11.61 0.654993 -0.397464 -0.0392764 0.0214291
11.62 0.67227 -0.41453 -0.0388919 0.0197739
11.63 0.689015 -0.431326 -0.0384755 0.0180957
11.64 0.705204 -0.447831 -0.0380273 0.0163959
11.65 0.720816 -0.464026 -0.0375475 0.0146764
11.66 0.735829 -0.47989 -0.0370363 0.0129388
11.67 0.750222 -0.495405 -0.0364941 0.0111849
11.68 0.763974 -0.51055 -0.035921 0.00941636
11.69 0.777064 -0.525304 -0.0353175 0.00763502
11.7 0.789471 -0.53965 -0.0346838 0.00584268
11.71 0.801176 -0.553566 -0.0340202 0.00404117
11.72 0.812159 -0.567035 -0.0333273 0.00223235
11.73 0.822401 -0.580035 -0.0326053 0.000418094
11.74 0.831883 -0.59255 -0.0318547 -0.00139971
11.75 0.840587 -0.604558 -0.031076 -0.00321914
11.76 0.848495 -0.616043 -0.0302695 -0.00503828
11.77 0.855591 -0.626986 -0.0294359 -0.00685519
11.78 0.861858 -0.637368 -0.0285756 -0.00866792
11.79 0.867279 -0.647173 -0.0276891 -0.0104745
11.8 0.87184 -0.656382 -0.0267771 -0.012273
11.81 0.875525 -0.664978 -0.0258401 -0.0140613
11.82 0.878321 -0.672945 -0.0248787 -0.0158376
11.83 0.880214 -0.680266 -0.0238936 -0.0175999
11.84 0.881192 -0.686926 -0.0228854 -0.019346
11.85 0.881242 -0.692909 -0.0218548 -0.0210742
11.86 0.880355 -0.6982 -0.0208024 -0.0227823
11.87 0.878518 -0.702785 -0.0197291 -0.0244685
11.88 0.875723 -0.706649 -0.0186355 -0.0261306
11.89 0.871962 -0.70978 -0.0175225 -0.0277668
11.9 0.867225 -0.712163 -0.0163907 -0.0293752
11.91 0.861507 -0.713788 -0.015241 -0.0309537
11.92 0.854801 -0.714642 -0.0140743 -0.0325004
11.93 0.847103 -0.714714 -0.0128914 -0.0340135
11.94 0.838407 -0.713994 -0.0116931 -0.035491
11.95 0.828712 -0.712472 -0.0104804 -0.0369311
11.96 0.818014 -0.710138 -0.00925417 -0.0383319
11.97 0.806312 -0.706986 -0.00801531 -0.0396916
11.98 0.793607 -0.703007 -0.00676479 -0.0410085
11.99 0.779899 -0.698194 -0.00550357 -0.0422807
12 0.765191 -0.692542 -0.00423264 -0.0435065
12.01 0.749485 -0.686044 -0.00295301 -0.0446842
12.02 0.732786 -0.678698 -0.00166569 -0.0458122
12.03 0.715099 -0.670499 -0.000371732 -0.0468888
12.04 0.69643 -0.661444 0.000927822 -0.0479124
12.05 0.676787 -0.651533 0.0022319 -0.0488816
12.06 0.656179 -0.640764 0.00353941 -0.0497948
12.07 0.634616 -0.629137 0.00484926 -0.0506505
12.08 0.612109 -0.616654 0.00616033 -0.0514475
12.09 0.588671 -0.603317 0.00747149 -0.0521842
12.1 0.564314 -0.589128 0.00878161 -0.0528595
12.11 0.539055 -0.574091 0.0100895 -0.053472
12.12 0.512908 -0.558213 0.0113941 -0.0540207
12.13 0.485891 -0.541498 0.0126941 -0.0545044
12.14 0.458023 -0.523955 0.0139884 -0.0549219
12.15 0.429324 -0.505591 0.0152757 -0.0552725
12.16 0.399815 -0.486416 0.0165549 -0.055555
12.17 0.369517 -0.46644 0.0178248 -0.0557686
12.18 0.338455 -0.445674 0.0190841 -0.0559126
12.19 0.306653 -0.424132 0.0203316 -0.0559863
12.2 0.274138 -0.401828 0.0215661 -0.0559889
12.21 0.240937 -0.378775 0.0227864 -0.0559199
12.22 0.207079 -0.354991 0.0239911 -0.0557788
12.23 0.172592 -0.330493 0.0251791 -0.0555653
12.24 0.13751 -0.305298 0.0263491 -0.0552789
12.25 0.101863 -0.279427 0.0274998 -0.0549194
12.26 0.0656858 -0.2529 0.0286301 -0.0544866
12.27 0.0290128 -0.225738 0.0297386 -0.0539805
12.28 -0.00811996 -0.197966 0.0308241 -0.053401
12.29 -0.0456753 -0.169608 0.0318855 -0.0527482
12.3 -0.0836149 -0.140687 0.0329213 -0.0520224
12.31 -0.121899 -0.111233 0.0339305 -0.0512237
12.32 -0.160488 -0.0812706 0.0349117 -0.0503526
12.33 -0.199339 -0.0508302 0.0358638 -0.0494094
12.34 -0.238409 -0.0199416 0.0367856 -0.0483947
12.35 -0.277656 0.0113643 0.0376758 -0.0473092
12.36 -0.317033 0.0430551 0.0385333 -0.0461536
12.37 -0.356495 0.0750977 0.0393568 -0.0449287
12.38 -0.395996 0.107457 0.0401453 -0.0436355
12.39 -0.435487 0.140099 0.0408975 -0.0422749
12.4 -0.474919 0.172986 0.0416124 -0.0408481
12.41 -0.514243 0.20608 0.0422888 -0.0393562
12.42 -0.55341 0.239343 0.0429256 -0.0378006
12.43 -0.592366 0.272736 0.0435217 -0.0361828
12.44 -0.631061 0.306218 0.0440761 -0.0345041
12.45 -0.669443 0.339747 0.0445878 -0.0327663
12.46 -0.707456 0.37328 0.0450556 -0.030971
12.47 -0.745049 0.406776 0.0454788 -0.02912
12.48 -0.782166 0.440189 0.0458562 -0.0272152
12.49 -0.818753 0.473474 0.0461869 -0.0252585
12.5 -0.854753 0.506586 0.0464701 -0.0232522
12.51 -0.890113 0.539478 0.0467049 -0.0211983
12.52 -0.924774 0.572103 0.0468905 -0.0190991
12.53 -0.958681 0.604414 0.0470259 -0.016957
12.54 -0.991778 0.636361 0.0471106 -0.0147745
12.55 -1.02401 0.667897 0.0471436 -0.0125541
12.56 -1.05531 0.69897 0.0471245 -0.0102983
12.57 -1.08564 0.729532 0.0470524 -0.00801003
12.58 -1.11493 0.759531 0.0469267 -0.00569197
12.59 -1.14312 0.788918 0.046747 -0.00334702
12.6 -1.17017 0.817641 0.0465127 -0.000978147
12.61 -1.196 0.845649 0.0462232 0.00141161
12.62 -1.22058 0.872891 0.0458783 0.00381912
12.63 -1.24384 0.899315 0.0454774 0.00624122
12.64 -1.26573 0.924869 0.0450203 0.00867464
12.65 -1.2862 0.949502 0.0445067 0.0111161
12.66 -1.30518 0.973162 0.0439363 0.0135621
12.67 -1.32264 0.995799 0.043309 0.0160093
12.68 -1.33851 1.01736 0.0426247 0.0184541
12.69 -1.35275 1.0378 0.0418833 0.0208931
12.7 -1.36531 1.05706 0.0410849 0.0233226
12.71 -1.37614 1.0751 0.0402294 0.0257388
12.72 -1.3852 1.09186 0.0393171 0.0281383
12.73 -1.39243 1.1073 0.0383481 0.0305172
12.74 -1.39779 1.12137 0.0373227 0.0328717
12.75 -1.40125 1.13402 0.0362412 0.035198
12.76 -1.40276 1.1452 0.035104 0.0374925
12.77 -1.40228 1.15488 0.0339116 0.0397511
12.78 -1.39977 1.16301 0.0326645 0.0419701
12.79 -1.39521 1.16954 0.0313633 0.0441456
12.8 -1.38855 1.17444 0.0300088 0.0462737
12.81 -1.37977 1.17766 0.0286016 0.0483507
12.82 -1.36883 1.17917 0.0271426 0.0503726
12.83 -1.35572 1.17892 0.0256328 0.0523356
12.84 -1.34041 1.17689 0.0240731 0.0542359
12.85 -1.32288 1.17305 0.0224645 0.0560697
12.86 -1.30311 1.16735 0.0208084 0.0578333
12.87 -1.28109 1.15977 0.0191058 0.0595229
12.88 -1.2568 1.15029 0.0173581 0.0611349
12.89 -1.23024 1.13888 0.0155668 0.0626656
12.9 -1.20139 1.12551 0.0137332 0.0641116
12.91 -1.17027 1.11018 0.011859 0.0654692
12.92 -1.13686 1.09285 0.00994586 0.0667351
12.93 -1.10118 1.07352 0.00799549 0.067906
12.94 -1.06322 1.05217 0.00600973 0.0689786
12.95 -1.02302 1.0288 0.0039905 0.0699497
12.96 -0.980571 1.0034 0.00193982 0.0708163
12.97 -0.935904 0.975967 -0.00014022 0.0715754
12.98 -0.889041 0.946503 -0.00224744 0.0722243
12.99 -0.84001 0.915012 -0.00437956 0.0727601
13 -0.788844 0.881501 -0.00653422 0.0731804
13.01 -0.735579 0.845982 -0.00870897 0.0734827
13.02 -0.680255 0.80847 -0.0109013 0.0736647
13.03 -0.622919 0.768984 -0.0131085 0.0737243
13.04 -0.563621 0.727545 -0.015328 0.0736595
13.05 -0.502415 0.684181 -0.0175568 0.0734686
13.06 -0.439361 0.638923 -0.0197923 0.0731499
13.07 -0.374522 0.591805 -0.0220313 0.072702
13.08 -0.307968 0.542867 -0.0242708 0.0721237
13.09 -0.239772 0.492153 -0.0265077 0.0714139
13.1 -0.170014 0.439709 -0.0287388 0.0705718
13.11 -0.098776 0.385588 -0.0309608 0.0695968
13.12 -0.026148 0.329849 -0.0331703 0.0684886
13.13 0.0477767 0.272551 -0.0353639 0.0672469
13.14 0.122899 0.213762 -0.0375381 0.0658719
13.15 0.199116 0.153553 -0.0396892 0.0643639
13.16 0.276319 0.0919995 -0.0418137 0.0627235
13.17 0.354393 0.029182 -0.0439078 0.0609515
13.18 0.43322 -0.0348136 -0.0459678 0.059049
13.19 0.512676 -0.099897 -0.0479898 0.0570174
13.2 0.592632 -0.165973 -0.0499699 0.0548584
13.21 0.672955 -0.232941 -0.0519041 0.0525739
13.22 0.753506 -0.300696 -0.0537886 0.0501662
13.23 0.834142 -0.369127 -0.0556192 0.0476376
13.24 0.914714 -0.438121 -0.057392 0.0449911
13.25 0.995071 -0.507557 -0.0591027 0.0422297
13.26 1.07506 -0.577311 -0.0607473 0.0393568
13.27 1.15451 -0.647254 -0.0623216 0.0363762
13.28 1.23326 -0.717251 -0.0638215 0.0332919
13.29 1.31114 -0.787164 -0.0652427 0.0301082
13.3 1.38798 -0.856852 -0.0665812 0.0268298
13.31 1.46361 -0.926165 -0.0678327 0.0234615
13.32 1.53783 -0.994953 -0.0689931 0.0200087
13.33 1.61047 -1.06306 -0.0700583 0.0164769
13.34 1.68134 -1.13033 -0.071024 0.0128721
13.35 1.75026 -1.19659 -0.0718863 0.00920035
13.36 1.81702 -1.26169 -0.0726412 0.00546821
13.37 1.88144 -1.32545 -0.0732845 0.00168247
13.38 1.94332 -1.38769 -0.0738125 -0.00214978
13.39 2.00247 -1.44825 -0.0742213 -0.00602118
13.4 2.05869 -1.50695 -0.0745072 -0.00992405
13.41 2.11177 -1.5636 -0.0746664 -0.0138505
13.42 2.16153 -1.61803 -0.0746955 -0.0177922
13.43 2.20776 -1.67004 -0.074591 -0.0217408
13.44 2.25027 -1.71947 -0.0743496 -0.0256876
13.45 2.28886 -1.76611 -0.0739682 -0.0296236
13.46 2.32333 -1.8098 -0.0734439 -0.0335397
13.47 2.35351 -1.85034 -0.0727737 -0.0374266
13.48 2.3792 -1.88755 -0.0719552 -0.0412746
13.49 2.40021 -1.92125 -0.0709859 -0.0450741
13.5 2.41637 -1.95126 -0.0698636 -0.0488152
13.51 2.42751 -1.97741 -0.0685864 -0.0524879
13.52 2.43345 -1.99952 -0.0671527 -0.0560822
13.53 2.43404 -2.01741 -0.0655611 -0.0595878
13.54 2.42912 -2.03094 -0.0638104 -0.0629946
13.55 2.41855 -2.03993 -0.0618999 -0.0662923
13.56 2.4022 -2.04424 -0.0598292 -0.0694706
13.57 2.37993 -2.04372 -0.0575982 -0.0725195
13.58 2.35165 -2.03824 -0.0552073 -0.0754286
13.59 2.31725 -2.02767 -0.0526571 -0.0781882
13.6 2.27664 -2.01189 -0.0499489 -0.0807882
13.61 2.22976 -1.99079 -0.0470843 -0.0832191
13.62 2.17655 -1.96429 -0.0440654 -0.0854714
13.63 2.11697 -1.93231 -0.0408947 -0.087536
13.64 2.05101 -1.89477 -0.0375756 -0.0894041
13.65 1.97867 -1.85164 -0.0341117 -0.0910673
13.66 1.89997 -1.80289 -0.0305074 -0.0925177
13.67 1.81497 -1.7485 -0.0267677 -0.0937477
13.68 1.72373 -1.68849 -0.0228982 -0.0947506
13.69 1.62636 -1.62288 -0.0189052 -0.09552
13.7 1.52299 -1.55174 -0.0147959 -0.0960504
13.71 1.41377 -1.47514 -0.0105781 -0.096337
13.72 1.2989 -1.3932 -0.00626043 -0.0963759
13.73 1.1786 -1.30605 -0.00185247 -0.0961641
13.74 1.05312 -1.21387 0.0026354 -0.0956997
13.75 0.922782 -1.11686 0.00719186 -0.0949816
13.76 0.787908 -1.01526 0.0118046 -0.0940102
13.77 0.648885 -0.909337 0.0164603 -0.092787
13.78 0.50614 -0.799422 0.0211446 -0.0913152
13.79 0.360148 -0.685869 0.0258419 -0.089599
13.8 0.211431 -0.569084 0.0305357 -0.0876445
13.81 0.0605663 -0.449517 0.0352081 -0.0854596
13.82 -0.0918138 -0.327673 0.0398399 -0.0830538
13.83 -0.24502 -0.204106 0.0444107 -0.0804387
13.84 -0.398301 -0.0794294 0.0488988 -0.0776279
13.85 -0.550843 0.0456865 0.0532809 -0.0746373
13.86 -0.701763 0.170508 0.0575323 -0.071485
13.87 -0.850111 0.294236 0.0616267 -0.0681919
13.88 -0.99486 0.416002 0.0655363 -0.0647813
13.89 -1.13491 0.534866 0.0692315 -0.0612793
13.9 -1.26907 0.649811 0.0726811 -0.0577153
13.91 -1.39609 0.759739 0.0758521 -0.0541216
13.92 -1.51459 0.863468 0.0787093 -0.0505337
13.93 -1.62314 0.959731 0.0812161 -0.0469909
13.94 -1.7202 1.04716 0.0833333 -0.0435361
13.95 -1.80411 1.12431 0.0850201 -0.0402161
13.96 -1.87313 1.18961 0.0862332 -0.0370818
13.97 -1.9254 1.24139 0.0869271 -0.0341885
13.98 -1.95896 1.27788 0.0870541 -0.0315959
13.99 -1.97171 1.29719 0.0865638 -0.0293686
14 -1.96145 1.29724 0.0842108 -0.0264168
14.01 -2.03129 1.36512 0.0852663 -0.0227806
14.02 -2.09724 1.43039 0.0861648 -0.0191025
14.03 -2.1592 1.49293 0.0869048 -0.0153892
14.04 -2.21703 1.55262 0.0874848 -0.0116476
14.05 -2.27064 1.60935 0.0879039 -0.0078846
14.06 -2.31991 1.663 0.0881611 -0.00410705
14.07 -2.36475 1.71349 0.0882561 -0.000321952
14.08 -2.40508 1.7607 0.0881886 0.00346374
14.09 -2.44082 1.80455 0.0879588 0.00724306
14.1 -2.4719 1.84496 0.0875672 0.0110091
14.11 -2.49826 1.88185 0.0870144 0.0147548
14.12 -2.51986 1.91514 0.0863014 0.0184734
14.13 -2.53665 1.94479 0.0854296 0.0221579
14.14 -2.54859 1.97072 0.0844005 0.0258017
14.15 -2.55568 1.99289 0.0832161 0.029398
14.16 -2.55788 2.01125 0.0818786 0.0329402
14.17 -2.55521 2.02578 0.0803903 0.0364218
14.18 -2.54766 2.03644 0.0787541 0.0398363
14.19 -2.53524 2.04322 0.0769729 0.0431775
14.2 -2.51799 2.04609 0.0750501 0.0464392
14.21 -2.49593 2.04507 0.0729891 0.0496155
14.22 -2.46911 2.04013 0.0707938 0.0527005
14.23 -2.43758 2.03131 0.0684682 0.0556884
14.24 -2.4014 2.01861 0.0660166 0.0585739
14.25 -2.36063 2.00206 0.0634435 0.0613515
14.26 -2.31536 1.98168 0.0607535 0.0640162
14.27 -2.26566 1.95753 0.0579518 0.0665631
14.28 -2.21165 1.92963 0.0550434 0.0689875
14.29 -2.15341 1.89806 0.0520337 0.0712849
14.3 -2.09107 1.86286 0.0489282 0.0734511
14.31 -2.02473 1.82411 0.0457327 0.0754821
14.32 -1.95453 1.78188 0.042453 0.0773742
14.33 -1.8806 1.73625 0.0390951 0.0791238
14.34 -1.80309 1.6873 0.0356653 0.0807278
14.35 -1.72213 1.63513 0.0321699 0.0821833
14.36 -1.63788 1.57984 0.0286152 0.0834874
14.37 -1.55051 1.52154 0.0250079 0.0846379
14.38 -1.46018 1.46034 0.0213545 0.0856326
14.39 -1.36706 1.39634 0.0176618 0.0864697
14.4 -1.27133 1.32969 0.0139367 0.0871477
14.41 -1.17318 1.26049 0.0101858 0.0876652
14.42 -1.07279 1.18889 0.00641626 0.0880214
14.43 -0.970351 1.11502 0.00263487 0.0882155
14.44 -0.86606 1.03902 -0.00115137 0.0882473
14.45 -0.760117 0.961043 -0.00493549 0.0881167
14.46 -0.652723 0.881229 -0.00871053 0.0878238
14.47 -0.544084 0.799733 -0.0124695 0.0873693
14.48 -0.434406 0.716711 -0.0162056 0.086754
14.49 -0.323899 0.632321 -0.0199118 0.085979
14.5 -0.212774 0.546724 -0.0235814 0.0850458
14.51 -0.101243 0.460084 -0.0272075 0.083956
14.52 0.0104816 0.372566 -0.0307836 0.0827116
14.53 0.122186 0.284336 -0.034303 0.0813151
14.54 0.233657 0.195565 -0.0377593 0.0797688
14.55 0.344682 0.10642 -0.0411461 0.0780757
14.56 0.45505 0.0170716 -0.0444571 0.0762389
14.57 0.564549 -0.0723091 -0.0476864 0.0742618
14.58 0.67297 -0.161552 -0.0508278 0.072148
14.59 0.780108 -0.250486 -0.0538757 0.0699014
14.6 0.885756 -0.338942 -0.0568244 0.0675261
14.61 0.989714 -0.426752 -0.0596685 0.0650265
14.62 1.09178 -0.513747 -0.0624028 0.0624072
14.63 1.19177 -0.599762 -0.0650222 0.0596731
14.64 1.28948 -0.684632 -0.0675219 0.0568291
14.65 1.38473 -0.768195 -0.0698973 0.0538805
14.66 1.47734 -0.850293 -0.0721441 0.0508327
14.67 1.56713 -0.930767 -0.0742581 0.0476913
14.68 1.65393 -1.00947 -0.0762354 0.0444622
14.69 1.73757 -1.08624 -0.0780723 0.0411512
14.7 1.81789 -1.16094 -0.0797656 0.0377645
14.71 1.89475 -1.23342 -0.081312 0.0343082
14.72 1.96799 -1.30355 -0.0827087 0.0307889
14.73 2.03748 -1.37119 -0.0839532 0.0272128
14.74 2.10307 -1.43622 -0.0850432 0.0235866
14.75 2.16466 -1.4985 -0.0859766 0.019917
14.76 2.22211 -1.55793 -0.0867517 0.0162108
14.77 2.27532 -1.61438 -0.0873672 0.0124747
14.78 2.32419 -1.66775 -0.0878218 0.00871566
14.79 2.36862 -1.71794 -0.0881148 0.00494057
14.8 2.40853 -1.76485 -0.0882456 0.00115639
14.81 2.44385 -1.80839 -0.0882139 -0.00262993
14.82 2.4745 -1.84848 -0.0880199 -0.0064114
14.83 2.50044 -1.88504 -0.0876638 -0.0101811
14.84 2.52159 -1.91801 -0.0871464 -0.013932
14.85 2.53794 -1.94731 -0.0864685 -0.0176573
14.86 2.54944 -1.9729 -0.0856315 -0.0213501
14.87 2.55608 -1.99472 -0.0846368 -0.0250035
14.88 2.55784 -2.01274 -0.0834863 -0.028611
14.89 2.55472 -2.02692 -0.0821822 -0.0321658
14.9 2.54672 -2.03722 -0.0807268 -0.0356613
14.91 2.53387 -2.04364 -0.0791227 -0.0390913
14.92 2.51617 -2.04616 -0.0773731 -0.0424492
14.93 2.49368 -2.04478 -0.0754809 -0.0457291
14.94 2.46643 -2.03949 -0.0734499 -0.0489247
14.95 2.43447 -2.03031 -0.0712836 -0.0520303
14.96 2.39786 -2.01726 -0.0689861 -0.0550401
14.97 2.35668 -2.00035 -0.0665616 -0.0579486
14.98 2.311 -1.97963 -0.0640146 -0.0607504
14.99 2.26091 -1.95513 -0.0613498 -0.0634404
15 2.2065 -1.9269 -0.058572 -0.0660136
15.01 2.14789 -1.89499 -0.0556864 -0.0684652
15.02 2.08517 -1.85947 -0.0526983 -0.0707909
15.03 2.01848 -1.8204 -0.0496131 -0.0729862
15.04 1.94793 -1.77785 -0.0464367 -0.0750472
15.05 1.87367 -1.73191 -0.0431747 -0.07697
15.06 1.79583 -1.68266 -0.0398333 -0.0787511
15.07 1.71456 -1.63021 -0.0364185 -0.0803872
15.08 1.63002 -1.57464 -0.0329367 -0.0818754
15.09 1.54238 -1.51607 -0.0293943 -0.0832128
15.1 1.45178 -1.4546 -0.0257978 -0.0843971
15.11 1.35842 -1.39036 -0.0221537 -0.085426
15.12 1.26246 -1.32347 -0.0184689 -0.0862976
15.13 1.1641 -1.25405 -0.0147501 -0.0870104
15.14 1.06351 -1.18223 -0.0110041 -0.087563
15.15 0.960897 -1.10816 -0.0072379 -0.0879544
15.16 0.856447 -1.03198 -0.00345835 -0.0881838
15.17 0.750362 -0.953825 0.000327571 -0.088251
15.18 0.642846 -0.873851 0.00411288 -0.0881557
15.19 0.534103 -0.792209 0.00789063 -0.087898
15.2 0.424341 -0.709055 0.0116538 -0.0874786
15.21 0.313769 -0.624548 0.0153956 -0.0868982
15.22 0.202598 -0.538849 0.019109 -0.0861577
15.23 0.0910401 -0.452122 0.0227873 -0.0852587
15.24 -0.0206913 -0.364532 0.0264236 -0.0842027
15.25 -0.132383 -0.276246 0.0300112 -0.0829916
15.26 -0.243822 -0.187433 0.0335436 -0.0816278
15.27 -0.354796 -0.0982624 0.0370143 -0.0801138
15.28 -0.465093 -0.0089043 0.0404168 -0.0784522
15.29 -0.574502 0.0804708 0.0437449 -0.0766462
15.3 -0.682815 0.169692 0.0469924 -0.0746991
15.31 -0.789825 0.25859 0.0501535 -0.0726145
15.32 -0.895327 0.346994 0.0532222 -0.0703962
15.33 -0.999121 0.434736 0.056193 -0.0680484
15.34 -1.10101 0.521649 0.0590602 -0.0655752
15.35 -1.20079 0.607566 0.0618188 -0.0629813
15.36 -1.29829 0.692323 0.0644636 -0.0602715
15.37 -1.39331 0.775759 0.0669897 -0.0574507
15.38 -1.48566 0.857715 0.0693924 -0.0545242
15.39 -1.57519 0.938034 0.0716674 -0.0514972
15.4 -1.6617 1.01656 0.0738105 -0.0483755
15.41 -1.74505 1.09315 0.0758177 -0.0451647
15.42 -1.82506 1.16765 0.0776853 -0.0418708
15.43 -1.90159 1.23993 0.0794099 -0.0384997
15.44 -1.9745 1.30984 0.0809883 -0.0350578
15.45 -2.04363 1.37724 0.0824176 -0.0315514
15.46 -2.10887 1.44202 0.0836951 -0.0279869
15.47 -2.17008 1.50405 0.0848186 -0.0243708
15.48 -2.22715 1.56321 0.0857859 -0.0207099
15.49 -2.27996 1.61938 0.0865953 -0.0170108
15.5 -2.32843 1.67247 0.0872453 -0.0132805
15.51 -2.37246 1.72236 0.0877346 -0.00952565
15.52 -2.41195 1.76897 0.0880625 -0.0057533
15.53 -2.44685 1.81219 0.0882282 -0.00197035
15.54 -2.47707 1.85197 0.0882314 0.00181622
15.55 -2.50257 1.8882 0.0880723 0.00559945
15.56 -2.52329 1.92084 0.0877509 0.00937237
15.57 -2.53919 1.9498 0.0872681 0.013128
15.58 -2.55025 1.97505 0.0866245 0.0168595
15.59 -2.55645 1.99653 0.0858215 0.02056
15.6 -2.55776 2.01419 0.0848605 0.0242226
15.61 -2.55419 2.02802 0.0837433 0.0278406
15.62 -2.54575 2.03797 0.0824719 0.0314074
15.63 -2.53245 2.04403 0.0810486 0.0349163
15.64 -2.51432 2.0462 0.0794761 0.0383609
15.65 -2.49139 2.04446 0.0777573 0.041735
15.66 -2.4637 2.03881 0.0758954 0.0450322
15.67 -2.43131 2.02928 0.0738937 0.0482464
15.68 -2.39429 2.01587 0.071756 0.0513719
15.69 -2.35269 1.99862 0.0694861 0.0544028
15.7 -2.3066 1.97755 0.0670884 0.0573335
15.71 -2.25611 1.95271 0.0645671 0.0601586
15.72 -2.20132 1.92414 0.0619269 0.062873
15.73 -2.14233 1.8919 0.0591728 0.0654717
15.74 -2.07924 1.85605 0.0563097 0.0679498
15.75 -2.01219 1.81665 0.0533429 0.0703028
15.76 -1.9413 1.77379 0.0502779 0.0725263
15.77 -1.8667 1.72755 0.0471203 0.0746164
15.78 -1.78854 1.678 0.043876 0.076569
15.79 -1.70697 1.62526 0.0405509 0.0783807
15.8 -1.62214 1.56941 0.0371512 0.0800481
15.81 -1.53422 1.51057 0.033683 0.0815681
15.82 -1.44337 1.44885 0.0301529 0.0829379
15.83 -1.34976 1.38436 0.0265672 0.0841551
15.84 -1.25357 1.31723 0.0229326 0.0852173
15.85 -1.155 1.24758 0.0192558 0.0861226
15.86 -1.05422 1.17556 0.0155435 0.0868693
15.87 -0.951427 1.10129 0.0118026 0.0874561
15.88 -0.846819 1.02492 0.00804002 0.0878818
15.89 -0.740596 0.946592 0.0042626 0.0881458
15.9 -0.632959 0.866459 0.000477335 0.0882475
15.91 -0.524114 0.784672 -0.00330881 0.0881867
15.92 -0.414269 0.701388 -0.00708886 0.0879635
15.93 -0.303633 0.616765 -0.0108559 0.0875784
15.94 -0.192418 0.530965 -0.0146029 0.0870321
15.95 -0.080836 0.444153 -0.018323 0.0863255
15.96 0.0309006 0.356492 -0.0220094 0.0854599
15.97 0.142578 0.268151 -0.0256553 0.084437
15.98 0.253984 0.179298 -0.0292539 0.0832587
15.99 0.364905 0.0901036 -0.0327987 0.081927
16 0.475129 0.000736858 -0.0362831 0.0804445
16.01 0.584447 -0.0886313 -0.0397006 0.0788139
16.02 0.692649 -0.17783 -0.0430451 0.0770382
16.03 0.799529 -0.26669 -0.0463104 0.0751207
16.04 0.904884 -0.355041 -0.0494903 0.0730648
16.05 1.00851 -0.442714 -0.0525792 0.0708744
16.06 1.11022 -0.529542 -0.0555712 0.0685536
16.07 1.2098 -0.61536 -0.0584609 0.0661065
16.08 1.30708 -0.700003 -0.061243 0.0635376
16.09 1.40186 -0.783311 -0.0639123 0.0608518
16.1 1.49396 -0.865123 -0.066464 0.058054
16.11 1.58322 -0.945285 -0.0688932 0.0551493
16.12 1.66945 -1.02364 -0.0711957 0.052143
16.13 1.7525 -1.10005 -0.073367 0.0490407
16.14 1.8322 -1.17435 -0.0754032 0.0458481
16.15 1.90841 -1.24641 -0.0773007 0.0425711
16.16 1.98097 -1.3161 -0.0790557 0.0392158
16.17 2.04976 -1.38327 -0.0806653 0.0357882
16.18 2.11463 -1.44781 -0.0821263 0.0322947
16.19 2.17546 -1.50958 -0.0834361 0.0287418
16.2 2.23215 -1.56847 -0.0845923 0.0251359
16.21 2.28458 -1.62436 -0.0855927 0.0214838
16.22 2.33264 -1.67716 -0.0864355 0.0177921
16.23 2.37625 -1.72676 -0.0871192 0.0140676
16.24 2.41533 -1.77306 -0.0876424 0.0103173
16.25 2.4498 -1.81597 -0.0880043 0.00654794
16.26 2.4796 -1.85542 -0.0882042 0.00276653
16.27 2.50466 -1.89133 -0.0882416 -0.00101997
16.28 2.52494 -1.92364 -0.0881166 -0.0048046
16.29 2.54041 -1.95227 -0.0878293 -0.00858037
16.3 2.55102 -1.97717 -0.0873803 -0.0123404
16.31 2.55677 -1.9983 -0.0867704 -0.0160776
16.32 2.55764 -2.01562 -0.0860008 -0.0197853
16.33 2.55362 -2.02909 -0.0850728 -0.0234565
16.34 2.54474 -2.03869 -0.0839882 -0.0270845
16.35 2.53099 -2.04439 -0.0827489 -0.0306627
16.36 2.51242 -2.0462 -0.0813572 -0.0341844
16.37 2.48905 -2.0441 -0.0798158 -0.0376432
16.38 2.46094 -2.0381 -0.0781274 -0.0410326
16.39 2.42812 -2.02821 -0.0762951 -0.0443465
16.4 2.39067 -2.01445 -0.0743223 -0.0475787
16.41 2.34866 -1.99685 -0.0722127 -0.0507234
16.42 2.30217 -1.97543 -0.0699702 -0.0537746
16.43 2.25129 -1.95025 -0.0675988 -0.0567268
16.44 2.1961 -1.92134 -0.0651029 -0.0595746
16.45 2.13673 -1.88877 -0.0624872 -0.0623127
16.46 2.07328 -1.85259 -0.0597564 -0.064936
16.47 2.00587 -1.81288 -0.0569155 -0.0674398
16.48 1.93464 -1.76971 -0.0539699 -0.0698194
16.49 1.85971 -1.72316 -0.0509249 -0.0720705
16.5 1.78123 -1.67332 -0.0477861 -0.0741888
16.51 1.69936 -1.62028 -0.0445594 -0.0761705
16.52 1.61424 -1.56416 -0.0412506 -0.078012
16.53 1.52604 -1.50505 -0.0378658 -0.0797098
16.54 1.43492 -1.44307 -0.0344113 -0.0812609
16.55 1.34107 -1.37833 -0.0308934 -0.0826623
16.56 1.24466 -1.31097 -0.0273187 -0.0839115
16.57 1.14588 -1.2411 -0.0236937 -0.0850062
16.58 1.04491 -1.16886 -0.020025 -0.0859444
16.59 0.941942 -1.0944 -0.0163195 -0.0867244
16.6 0.837178 -1.01784 -0.0125839 -0.0873446
16.61 0.730817 -0.939343 -0.0088251 -0.087804
16.62 0.623062 -0.859053 -0.00505009 -0.0881018
16.63 0.514117 -0.777123 -0.00126577 -0.0882373
16.64 0.404191 -0.69371 0.00252087 -0.0882103
16.65 0.293493 -0.608973 0.00630287 -0.0880209
16.66 0.182236 -0.523074 0.0100733 -0.0876694
16.67 0.0706306 -0.436176 0.0138251 -0.0871565
16.68 -0.0411095 -0.348447 0.0175515 -0.0864831
16.69 -0.152771 -0.260052 0.0212456 -0.0856505
16.7 -0.264141 -0.171161 0.0249005 -0.0846602
16.71 -0.375007 -0.0819434 0.0285096 -0.0835139
16.72 -0.485157 0.00743059 0.0320662 -0.0822139
16.73 -0.594382 0.0967904 0.0355638 -0.0807625
16.74 -0.702472 0.185965 0.0389958 -0.0791624
16.75 -0.809221 0.274786 0.0423561 -0.0774165
16.76 -0.914427 0.363081 0.0456384 -0.075528
16.77 -1.01789 0.450684 0.0488366 -0.0735005
16.78 -1.1194 0.537427 0.0519449 -0.0713377
16.79 -1.21879 0.623144 0.0549576 -0.0690434
16.8 -1.31584 0.707672 0.057869 -0.0666221
16.81 -1.41039 0.79085 0.0606739 -0.064078
16.82 -1.50224 0.872518 0.0633671 -0.061416
16.83 -1.59122 0.952521 0.0659436 -0.0586409
16.84 -1.67717 1.03071 0.0683986 -0.0557578
16.85 -1.75992 1.10692 0.0707277 -0.052772
16.86 -1.83931 1.18103 0.0729266 -0.0496891
16.87 -1.91519 1.25288 0.0749912 -0.0465146
16.88 -1.98742 1.32234 0.0769177 -0.0432545
16.89 -2.05585 1.38928 0.0787025 -0.0399148
16.9 -2.12036 1.45357 0.0803425 -0.0365015
16.91 -2.18082 1.51508 0.0818344 -0.0330211
16.92 -2.23712 1.5737 0.0831757 -0.0294798
16.93 -2.28915 1.62932 0.0843639 -0.0258842
16.94 -2.33681 1.68183 0.0853967 -0.022241
16.95 -2.38001 1.73112 0.0862722 -0.0185568
16.96 -2.41867 1.77712 0.0869888 -0.0148385
16.97 -2.45272 1.81972 0.0875453 -0.0110928
16.98 -2.48208 1.85885 0.0879406 -0.00732673
16.99 -2.50671 1.89444 0.0881739 -0.00354714
17 -2.52655 1.9264 0.0882449 0.000238977
17.01 -2.54158 1.9547 0.0881534 0.00402466
17.02 -2.55175 1.97926 0.0878995 0.00780293
17.03 -2.55705 2.00004 0.0874838 0.0115668
17.04 -2.55747 2.01701 0.086907 0.0153094
17.05 -2.55301 2.03013 0.0861701 0.0190238
17.06 -2.54368 2.03937 0.0852746 0.0227032
17.07 -2.5295 2.04472 0.084222 0.0263408
17.08 -2.51048 2.04617 0.0830144 0.0299298
17.09 -2.48668 2.04372 0.0816538 0.0334638
17.1 -2.45813 2.03736 0.0801429 0.0369361
17.11 -2.42489 2.02712 0.0784845 0.0403404
17.12 -2.38702 2.013 0.0766815 0.0436705
17.13 -2.3446 1.99505 0.0747373 0.0469201
17.14 -2.2977 1.97329 0.0726555 0.0500833
17.15 -2.24642 1.94776 0.0704398 0.0531542
17.16 -2.19085 1.91852 0.0680945 0.0561273
17.17 -2.1311 1.88561 0.0656238 0.0589971
17.18 -2.06728 1.84911 0.0630322 0.0617582
17.19 -1.99952 1.80908 0.0603245 0.0644055
17.2 -1.92794 1.76559 0.0575058 0.0669343
17.21 -1.85268 1.71874 0.0545812 0.0693398
17.22 -1.77389 1.6686 0.051556 0.0716176
17.23 -1.69171 1.61528 0.0484359 0.0737636
17.24 -1.6063 1.55888 0.0452267 0.0757737
17.25 -1.51783 1.49951 0.0419341 0.0776442
17.26 -1.42646 1.43727 0.0385643 0.0793718
17.27 -1.33237 1.37229 0.0351235 0.0809532
17.28 -1.23574 1.30469 0.031618 0.0823856
17.29 -1.13674 1.2346 0.0280543 0.0836662
17.3 -1.03558 1.16215 0.024439 0.0847927
17.31 -0.932442 1.08749 0.0207786 0.0857631
17.32 -0.827524 1.01075 0.0170799 0.0865756
17.33 -0.721027 0.93208 0.0133499 0.0872286
17.34 -0.613154 0.851633 0.00959518 0.087721
17.35 -0.504111 0.769561 0.00582283 0.0880519
17.36 -0.394106 0.68602 0.00203977 0.0882206
17.37 -0.283349 0.60117 -0.00174706 0.0882269
17.38 -0.17205 0.515173 -0.00553067 0.0880707
17.39 -0.0604241 0.428193 -0.00930409 0.0877523
17.4 0.0513177 0.340396 -0.0130604 0.0872723
17.41 0.162961 0.251949 -0.0167926 0.0866315
17.42 0.274294 0.163021 -0.0204939 0.0858313
17.43 0.385104 0.0737818 -0.0241575 0.084873
17.44 0.495178 -0.0155979 -0.0277766 0.0837584
17.45 0.604307 -0.104948 -0.0313445 0.0824895
17.46 0.712284 -0.194098 -0.0348547 0.0810687
17.47 0.8189 -0.282877 -0.0383008 0.0794987
17.48 0.923954 -0.371116 -0.0416762 0.0777822
17.49 1.02725 -0.458648 -0.044975 0.0759225
17.5 1.12858 -0.545304 -0.0481909 0.073923
17.51 1.22775 -0.630919 -0.0513181 0.0717873
17.52 1.32459 -0.71533 -0.0543507 0.0695195
17.53 1.41889 -0.798376 -0.0572833 0.0671236
17.54 1.51049 -0.879899 -0.0601104 0.0646041
17.55 1.5992 -0.959742 -0.0628268 0.0619657
17.56 1.68487 -1.03775 -0.0654275 0.0592131
17.57 1.76732 -1.11378 -0.0679077 0.0563515
17.58 1.84639 -1.18769 -0.0702628 0.0533861
17.59 1.92194 -1.25933 -0.0724886 0.0503224
17.6 1.99383 -1.32857 -0.0745808 0.047166
17.61 2.06191 -1.39527 -0.0765357 0.0439227
17.62 2.12605 -1.4593 -0.0783497 0.0405986
17.63 2.18614 -1.52056 -0.0800193 0.0371997
17.64 2.24205 -1.57891 -0.0815416 0.0337323
17.65 2.29369 -1.63425 -0.0829138 0.0302028
17.66 2.34094 -1.68646 -0.0841332 0.0266176
17.67 2.38374 -1.73546 -0.0851977 0.0229835
17.68 2.42198 -1.78115 -0.0861053 0.019307
17.69 2.4556 -1.82344 -0.0868544 0.0155949
17.7 2.48453 -1.86225 -0.0874435 0.0118541
17.71 2.50872 -1.89751 -0.0878715 0.00809155
17.72 2.52813 -1.92914 -0.0881377 0.00431405
17.73 2.54271 -1.9571 -0.0882416 0.000528601
17.74 2.55243 -1.98131 -0.088183 -0.00325782
17.75 2.55729 -2.00175 -0.087962 -0.00703824
17.76 2.55727 -2.01837 -0.087579 -0.0108057
17.77 2.55236 -2.03113 -0.0870348 -0.0145533
17.78 2.54259 -2.04002 -0.0863302 -0.018274
17.79 2.52796 -2.04502 -0.0854667 -0.0219611
17.8 2.50851 -2.04611 -0.0844457 -0.0256078
17.81 2.48427 -2.0433 -0.0832692 -0.0292073
17.82 2.45529 -2.03659 -0.0819394 -0.032753
17.83 2.42162 -2.02599 -0.0804587 -0.0362384
17.84 2.38334 -2.01152 -0.0788298 -0.039657
17.85 2.3405 -1.99322 -0.0770557 -0.0430026
17.86 2.2932 -1.97111 -0.0751398 -0.0462691
17.87 2.24152 -1.94524 -0.0730854 -0.0494503
17.88 2.18556 -1.91566 -0.0708964 -0.0525404
17.89 2.12544 -1.88243 -0.0685769 -0.0555338
17.9 2.06125 -1.8456 -0.0661311 -0.0584249
17.91 1.99314 -1.80525 -0.0635635 -0.0612084
17.92 1.92122 -1.76145 -0.0608788 -0.0638792
17.93 1.84563 -1.71429 -0.058082 -0.0664323
17.94 1.76652 -1.66386 -0.0551783 -0.0688631
17.95 1.68404 -1.61026 -0.0521729 -0.0711671
17.96 1.59835 -1.55358 -0.0490714 -0.07334
17.97 1.5096 -1.49394 -0.0458796 -0.0753779
17.98 1.41797 -1.43144 -0.0426033 -0.0772769
17.99 1.32364 -1.36622 -0.0392485 -0.0790336
18 1.22679 -1.29838 -0.0358214 -0.0806447
18.01 1.12759 -1.22807 -0.0323284 -0.0821074
18.02 1.02624 -1.15542 -0.0287758 -0.0834188
18.03 0.922927 -1.08056 -0.0251702 -0.0845766
18.04 0.817857 -1.00364 -0.0215183 -0.0855786
18.05 0.711226 -0.924801 -0.0178267 -0.086423
18.06 0.603237 -0.8442 -0.0141023 -0.0871082
18.07 0.494097 -0.761987 -0.010352 -0.0876331
18.08 0.384015 -0.67832 -0.00658255 -0.0879965
18.09 0.273199 -0.593359 -0.00280099 -0.0881979
18.1 0.161862 -0.507265 0.000985716 -0.0882368
18.11 0.0502166 -0.420203 0.00477061 -0.0881132
18.12 -0.061525 -0.332339 0.00854672 -0.0878274
18.13 -0.173149 -0.243841 0.0123071 -0.0873798
18.14 -0.284443 -0.154878 0.0160448 -0.0867713
18.15 -0.395194 -0.0656191 0.0197529 -0.0860029
18.16 -0.505191 0.023765 0.0234247 -0.0850762
18.17 -0.614223 0.113104 0.0270534 -0.0839928
18.18 -0.722084 0.202227 0.0306322 -0.0827547
18.19 -0.828566 0.290964 0.0341546 -0.0813642
18.2 -0.933468 0.379145 0.037614 -0.0798238
18.21 -1.03659 0.466604 0.0410043 -0.0781365
18.22 -1.13773 0.553171 0.044319 -0.0763052
18.23 -1.2367 0.638683 0.047552 -0.0743334
18.24 -1.33331 0.722976 0.0506975 -0.0722247
18.25 -1.42738 0.80589 0.0537497 -0.069983
18.26 -1.51872 0.887265 0.0567028 -0.0676123
18.27 -1.60716 0.966948 0.0595515 -0.0651172
18.28 -1.69254 1.04478 0.0622905 -0.0625021
18.29 -1.77468 1.12063 0.0649148 -0.059772
18.3 -1.85344 1.19433 0.0674196 -0.0569317
18.31 -1.92866 1.26576 0.0698002 -0.0539866
18.32 -2.00021 1.33477 0.0720522 -0.0509421
18.33 -2.06793 1.40123 0.0741715 -0.0478037
18.34 -2.13171 1.46502 0.0761542 -0.0445773
18.35 -2.19142 1.52601 0.0779967 -0.0412688
18.36 -2.24695 1.58409 0.0796955 -0.0378843
18.37 -2.29819 1.63915 0.0812476 -0.03443
18.38 -2.34504 1.69108 0.08265 -0.0309123
18.39 -2.38742 1.73978 0.0839001 -0.0273377
18.4 -2.42524 1.78516 0.0849958 -0.0237127
18.41 -2.45844 1.82713 0.0859349 -0.020044
18.42 -2.48694 1.86562 0.0867158 -0.0163385
18.43 -2.5107 1.90055 0.0873369 -0.0126028
18.44 -2.52966 1.93185 0.0877972 -0.00884395
18.45 -2.5438 1.95946 0.0880958 -0.00506879
18.46 -2.55308 1.98334 0.0882321 -0.0012843
18.47 -2.55749 2.00343 0.0882059 0.00250256
18.48 -2.55702 2.01969 0.0880173 0.00628481
18.49 -2.55167 2.03211 0.0876666 0.0100555
18.5 -2.54145 2.04064 0.0871544 0.0138076
18.51 -2.52638 2.04528 0.0864817 0.0175344
18.52 -2.50649 2.04601 0.0856497 0.0212288
18.53 -2.48182 2.04285 0.0846599 0.0248841
18.54 -2.45241 2.03578 0.0835143 0.0284936
18.55 -2.41832 2.02483 0.0822148 0.0320506
18.56 -2.37961 2.01001 0.0807639 0.0355486
18.57 -2.33636 1.99136 0.0791643 0.0389811
18.58 -2.28866 1.9689 0.0774188 0.0423419
18.59 -2.23658 1.94269 0.0755308 0.0456246
18.6 -2.18024 1.91278 0.0735036 0.0488233
18.61 -2.11974 1.87921 0.0713411 0.0519321
18.62 -2.05519 1.84206 0.0690472 0.0549452
18.63 -1.98672 1.80139 0.0666261 0.0578572
18.64 -1.91446 1.75728 0.0640823 0.0606626
18.65 -1.83855 1.70982 0.0614204 0.0633562
18.66 -1.75912 1.65909 0.0586455 0.0659332
18.67 -1.67634 1.6052 0.0557625 0.0683887
18.68 -1.59036 1.54825 0.0527768 0.0707183
18.69 -1.50135 1.48834 0.049694 0.0729176
18.7 -1.40947 1.42559 0.0465196 0.0749826
18.71 -1.3149 1.36013 0.0432595 0.0769095
18.72 -1.21782 1.29206 0.0399197 0.0786948
18.73 -1.11841 1.22153 0.0365064 0.0803351
18.74 -1.01688 1.14867 0.0330259 0.0818275
18.75 -0.913398 1.07362 0.0294846 0.0831691
18.76 -0.808177 0.996513 0.0258889 0.0843576
18.77 -0.701413 0.917508 0.0222456 0.0853907
18.78 -0.593311 0.836753 0.0185613 0.0862665
18.79 -0.484076 0.754401 0.0148428 0.0869834
18.8 -0.373918 0.670609 0.0110969 0.0875402
18.81 -0.263046 0.585537 0.00733066 0.0879356
18.82 -0.151672 0.499348 0.00355088 0.0881692
18.83 -0.0400083 0.412206 -0.00023543 0.0882403
18.84 0.0717314 0.324278 -0.00402131 0.0881489
18.85 0.183334 0.23573 -0.00779978 0.0878952
18.86 0.294587 0.146733 -0.0115639 0.0874796
18.87 0.405278 0.0574553 -0.0153067 0.0869028
18.88 0.515195 -0.0319317 -0.0190213 0.086166
18.89 0.62413 -0.121258 -0.0227009 0.0852705
18.9 0.731873 -0.210353 -0.0263387 0.0842179
18.91 0.838219 -0.299046 -0.0299279 0.0830102
18.92 0.942966 -0.387168 -0.0334621 0.0816496
18.93 1.04591 -0.474552 -0.0369346 0.0801387
18.94 1.14686 -0.56103 -0.040339 0.0784801
18.95 1.24563 -0.646438 -0.0436692 0.076677
18.96 1.34201 -0.730611 -0.046919 0.0747327
18.97 1.43584 -0.813391 -0.0500823 0.0726507
18.98 1.52692 -0.894618 -0.0531534 0.0704349
18.99 1.61509 -0.974138 -0.0561266 0.0680893
19 1.70018 -1.0518 -0.0589964 0.0656184
19.01 1.78202 -1.12745 -0.0617575 0.0630266
19.02 1.86046 -1.20095 -0.0644049 0.0603187
19.03 1.93536 -1.27216 -0.0669337 0.0574997
19.04 2.00655 -1.34095 -0.0693392 0.0545748
19.05 2.07392 -1.40717 -0.0716169 0.0515494
19.06 2.13734 -1.47071 -0.0737628 0.048429
19.07 2.19667 -1.53144 -0.0757728 0.0452195
19.08 2.25181 -1.58925 -0.0776433 0.0419266
19.09 2.30265 -1.64402 -0.0793707 0.0385565
19.1 2.3491 -1.69566 -0.0809519 0.0351155
19.11 2.39107 -1.74406 -0.0823841 0.0316097
19.12 2.42847 -1.78914 -0.0836644 0.0280457
19.13 2.46124 -1.8308 -0.0847907 0.0244301
19.14 2.48931 -1.86896 -0.0857609 0.0207694
19.15 2.51263 -1.90356 -0.086573 0.0170705
19.16 2.53115 -1.93453 -0.0872257 0.0133402
19.17 2.54485 -1.9618 -0.0877178 0.00958526
19.18 2.55369 -1.98533 -0.0880482 0.00581269
19.19 2.55765 -2.00507 -0.0882165 0.00202942
19.2 2.55674 -2.02099 -0.0882224 -0.00175759
19.21 2.55094 -2.03305 -0.0880657 -0.00554137
19.22 2.54028 -2.04122 -0.0877468 -0.00931493
19.23 2.52476 -2.04551 -0.0872663 -0.0130713
19.24 2.50444 -2.04589 -0.086625 -0.0168037
19.25 2.47933 -2.04236 -0.0858242 -0.0205051
19.26 2.44949 -2.03494 -0.0848653 -0.0241687
19.27 2.41497 -2.02363 -0.0837501 -0.0277878
19.28 2.37585 -2.00846 -0.0824807 -0.0313557
19.29 2.33219 -1.98946 -0.0810593 -0.0348658
19.3 2.28408 -1.96667 -0.0794886 -0.0383118
19.31 2.23161 -1.94011 -0.0777715 -0.0416872
19.32 2.17489 -1.90986 -0.0759112 -0.0449858
19.33 2.11401 -1.87596 -0.073911 -0.0482015
19.34 2.0491 -1.83848 -0.0717747 -0.0513284
19.35 1.98028 -1.7975 -0.0695062 -0.0543608
19.36 1.90767 -1.75308 -0.0671097 -0.0572931
19.37 1.83143 -1.70532 -0.0645896 -0.0601199
19.38 1.7517 -1.6543 -0.0619505 -0.0628359
19.39 1.66862 -1.60013 -0.0591973 -0.0654362
19.4 1.58235 -1.5429 -0.056335 -0.0679159
19.41 1.49307 -1.48273 -0.053369 -0.0702705
19.42 1.40093 -1.41972 -0.0503047 -0.0724958
19.43 1.30613 -1.35401 -0.0471477 -0.0745874
19.44 1.20883 -1.28572 -0.0439039 -0.0765417
19.45 1.10922 -1.21497 -0.0405792 -0.0783551
19.46 1.0075 -1.1419 -0.0371798 -0.080024
19.47 0.903854 -1.06665 -0.0337118 -0.0815456
19.48 0.798483 -0.989371 -0.0301818 -0.082917
19.49 0.691589 -0.910201 -0.0265962 -0.0841357
19.5 0.583374 -0.829293 -0.0229616 -0.0851994
19.51 0.474047 -0.746803 -0.0192848 -0.0861061
19.52 0.363814 -0.662887 -0.0155724 -0.0868543
19.53 0.252888 -0.577707 -0.0118313 -0.0874424
19.54 0.141479 -0.491424 -0.00806838 -0.0878695
19.55 0.0297994 -0.404203 -0.00429064 -0.0881348
19.56 -0.0819367 -0.316211 -0.000504989 -0.0882377
19.57 -0.193516 -0.227615 0.00328159 -0.0881781
19.58 -0.304727 -0.138585 0.00706212 -0.0879561
19.59 -0.415356 -0.0492907 0.0108296 -0.087572
19.6 -0.525192 0.0400979 0.0145772 -0.0870267
19.61 -0.634026 0.12941 0.0182979 -0.086321
19.62 -0.74165 0.218475 0.021985 -0.0854564
19.63 -0.847858 0.307123 0.0256315 -0.0844343
19.64 -0.952449 0.395185 0.0292308 -0.0832567
19.65 -1.05522 0.482493 0.0327763 -0.0819258
19.66 -1.15598 0.56888 0.0362614 -0.0804439
19.67 -1.25453 0.654182 0.0396797 -0.0788139
19.68 -1.35069 0.738235 0.0430249 -0.0770387
19.69 -1.44427 0.820879 0.0462909 -0.0751216
19.7 -1.5351 0.901956 0.0494716 -0.0730662
19.71 -1.62299 0.981313 0.0525612 -0.0708761
19.72 -1.70779 1.0588 0.0555539 -0.0685555
19.73 -1.78933 1.13426 0.0584443 -0.0661086
19.74 -1.86746 1.20756 0.0612271 -0.06354
19.75 -1.94202 1.27855 0.0638971 -0.0608543
19.76 -2.01287 1.34711 0.0664494 -0.0580565
19.77 -2.07988 1.41309 0.0688793 -0.0551518
19.78 -2.14293 1.47637 0.0711823 -0.0521454
19.79 -2.20188 1.53684 0.0733543 -0.0490431
19.8 -2.25663 1.59438 0.075391 -0.0458504
19.81 -2.30708 1.64887 0.077289 -0.0425732
19.82 -2.35312 1.70022 0.0790445 -0.0392176
19.83 -2.39467 1.74832 0.0806545 -0.0357898
19.84 -2.43166 1.79309 0.0821159 -0.0322961
19.85 -2.464 1.83443 0.083426 -0.0287429
19.86 -2.49164 1.87227 0.0845825 -0.0251367
19.87 -2.51452 1.90654 0.0855831 -0.0214842
19.88 -2.53261 1.93717 0.0864262 -0.0177922
19.89 -2.54586 1.96411 0.08711 -0.0140673
19.9 -2.55425 1.98729 0.0876333 -0.0103166
19.91 -2.55777 2.00669 0.0879953 -0.00654686
19.92 -2.55641 2.02225 0.0881951 -0.00276507
19.93 -2.55017 2.03395 0.0882325 0.00102182
19.94 -2.53906 2.04178 0.0881074 0.00480683
19.95 -2.52311 2.0457 0.08782 0.00858299
19.96 -2.50234 2.04573 0.0873708 0.0123433
19.97 -2.4768 2.04184 0.0867607 0.0160809
19.98 -2.44653 2.03407 0.0859907 0.0197889
19.99 -2.41159 2.02241 0.0850624 0.0234605
20 -2.37204 2.00689 0.0839774 0.0270888
