r Re(potential) Im(potential) Coupling
0.01 -110 -20 0.000187738
0.02 -110 -20 0.000191531
0.03 -110 -20 0.0001954
0.04 -110 -20 0.000199347
0.05 -110 -20 0.000203374
0.06 -110 -20 0.000207483
0.07 -110 -20 0.000211674
0.08 -110 -20 0.00021595
0.09 -110 -20 0.000220313
0.1 -110 -20 0.000224763
0.11 -110 -20 0.000229304
0.12 -110 -20 0.000233936
0.13 -110 -20 0.000238662
0.14 -110 -20 0.000243483
0.15 -110 -20 0.000248402
0.16 -110 -20 0.00025342
0.17 -110 -20 0.000258539
0.18 -110 -20 0.000263762
0.19 -110 -20 0.000269091
0.2 -110 -20 0.000274527
0.21 -110 -20 0.000280072
0.22 -110 -20 0.00028573
0.23 -110 -20 0.000291502
0.24 -110 -20 0.000297391
0.25 -110 -20 0.000303399
0.26 -110 -20 0.000309528
0.27 -110 -20 0.000315781
0.28 -110 -20 0.00032216
0.29 -110 -20 0.000328668
0.3 -110 -20 0.000335307
0.31 -110 -20 0.000342081
0.32 -110 -20 0.000348991
0.33 -110 -20 0.000356042
0.34 -110 -20 0.000363234
0.35 -110 -20 0.000370572
0.36 -110 -20 0.000378058
0.37 -110 -20 0.000385695
0.38 -110 -20 0.000393487
0.39 -110 -20 0.000401436
0.4 -110 -20 0.000409545
0.41 -110 -20 0.000417818
0.42 -110 -20 0.000426259
0.43 -110 -20 0.00043487
0.44 -110 -20 0.000443655
0.45 -110 -20 0.000452617
0.46 -110 -20 0.000461761
0.47 -110 -20 0.000471089
0.48 -110 -20 0.000480606
0.49 -110 -20 0.000490314
0.5 -110 -20 0.000500219
0.51 -110 -20 0.000510324
0.52 -110 -20 0.000520634
0.53 -110 -20 0.000531151
0.54 -110 -20 0.000541881
0.55 -110 -20 0.000552828
0.56 -110 -20 0.000563996
0.57 -110 -20 0.000575389
0.58 -110 -20 0.000587013
0.59 -110 -20 0.000598871
0.6 -110 -20 0.000610969
0.61 -110 -20 0.000623311
0.62 -110 -20 0.000635903
0.63 -110 -20 0.000648749
0.64 -110 -20 0.000661855
0.65 -110 -20 0.000675225
0.66 -110 -20 0.000688865
0.67 -110 -20 0.000702781
0.68 -110 -20 0.000716978
0.69 -110 -20 0.000731462
0.7 -110 -20 0.000746239
0.71 -110 -20 0.000761314
0.72 -110 -20 0.000776693
0.73 -110 -20 0.000792383
0.74 -110 -20 0.00080839
0.75 -110 -20 0.000824721
0.76 -110 -20 0.000841381
0.77 -110 -20 0.000858378
0.78 -110 -20 0.000875718
0.79 -110 -20 0.000893409
0.8 -110 -20 0.000911457
0.81 -110 -20 0.00092987
0.82 -110 -19.9999 0.000948654
0.83 -110 -19.9999 0.000967818
0.84 -110 -19.9999 0.000987369
0.85 -110 -19.9999 0.00100732
0.86 -110 -19.9999 0.00102766
0.87 -110 -19.9999 0.00104842
0.88 -110 -19.9999 0.0010696
0.89 -110 -19.9999 0.00109121
0.9 -110 -19.9999 0.00111325
0.91 -110 -19.9999 0.00113574
0.92 -110 -19.9999 0.00115869
0.93 -110 -19.9999 0.00118209
0.94 -110 -19.9999 0.00120597
0.95 -110 -19.9999 0.00123034
0.96 -110 -19.9999 0.00125519
0.97 -110 -19.9999 0.00128055
0.98 -110 -19.9999 0.00130642
0.99 -110 -19.9999 0.00133281
1 -110 -19.9999 0.00135973
1.01 -110 -19.9999 0.0013872
1.02 -110 -19.9999 0.00141522
1.03 -110 -19.9999 0.00144381
1.04 -110 -19.9999 0.00147298
1.05 -110 -19.9999 0.00150273
1.06 -110 -19.9999 0.00153309
1.07 -110 -19.9999 0.00156406
1.08 -110 -19.9999 0.00159566
1.09 -110 -19.9999 0.00162789
1.1 -110 -19.9999 0.00166078
1.11 -109.999 -19.9999 0.00169433
1.12 -109.999 -19.9999 0.00172855
1.13 -109.999 -19.9999 0.00176347
1.14 -109.999 -19.9999 0.0017991
1.15 -109.999 -19.9999 0.00183544
1.16 -109.999 -19.9999 0.00187252
1.17 -109.999 -19.9999 0.00191034
1.18 -109.999 -19.9999 0.00194894
1.19 -109.999 -19.9999 0.00198831
1.2 -109.999 -19.9999 0.00202847
1.21 -109.999 -19.9999 0.00206945
1.22 -109.999 -19.9999 0.00211126
1.23 -109.999 -19.9999 0.00215391
1.24 -109.999 -19.9999 0.00219742
1.25 -109.999 -19.9999 0.00224181
1.26 -109.999 -19.9999 0.00228709
1.27 -109.999 -19.9999 0.0023333
1.28 -109.999 -19.9999 0.00238043
1.29 -109.999 -19.9999 0.00242852
1.3 -109.999 -19.9999 0.00247758
1.31 -109.999 -19.9999 0.00252763
1.32 -109.999 -19.9999 0.00257869
1.33 -109.999 -19.9999 0.00263078
1.34 -109.999 -19.9999 0.00268392
1.35 -109.999 -19.9999 0.00273814
1.36 -109.999 -19.9998 0.00279345
1.37 -109.999 -19.9998 0.00284989
1.38 -109.999 -19.9998 0.00290746
1.39 -109.999 -19.9998 0.00296619
1.4 -109.999 -19.9998 0.00302611
1.41 -109.999 -19.9998 0.00308724
1.42 -109.999 -19.9998 0.00314961
1.43 -109.999 -19.9998 0.00321323
1.44 -109.999 -19.9998 0.00327814
1.45 -109.999 -19.9998 0.00334436
1.46 -109.999 -19.9998 0.00341192
1.47 -109.999 -19.9998 0.00348085
1.48 -109.999 -19.9998 0.00355116
1.49 -109.999 -19.9998 0.0036229
1.5 -109.999 -19.9998 0.00369609
1.51 -109.999 -19.9998 0.00377075
1.52 -109.999 -19.9998 0.00384692
1.53 -109.999 -19.9998 0.00392463
1.54 -109.999 -19.9998 0.00400391
1.55 -109.999 -19.9998 0.0040848
1.56 -109.999 -19.9998 0.00416731
1.57 -109.999 -19.9998 0.0042515
1.58 -109.999 -19.9998 0.00433738
1.59 -109.999 -19.9998 0.004425
1.6 -109.999 -19.9998 0.00451439
1.61 -109.999 -19.9998 0.00460558
1.62 -109.999 -19.9997 0.00469862
1.63 -109.999 -19.9997 0.00479354
1.64 -109.999 -19.9997 0.00489037
1.65 -109.999 -19.9997 0.00498916
1.66 -109.998 -19.9997 0.00508994
1.67 -109.998 -19.9997 0.00519276
1.68 -109.998 -19.9997 0.00529766
1.69 -109.998 -19.9997 0.00540468
1.7 -109.998 -19.9997 0.00551386
1.71 -109.998 -19.9997 0.00562524
1.72 -109.998 -19.9997 0.00573888
1.73 -109.998 -19.9997 0.0058548
1.74 -109.998 -19.9997 0.00597308
1.75 -109.998 -19.9997 0.00609374
1.76 -109.998 -19.9997 0.00621683
1.77 -109.998 -19.9997 0.00634242
1.78 -109.998 -19.9997 0.00647054
1.79 -109.998 -19.9996 0.00660125
1.8 -109.998 -19.9996 0.0067346
1.81 -109.998 -19.9996 0.00687064
1.82 -109.998 -19.9996 0.00700943
1.83 -109.998 -19.9996 0.00715102
1.84 -109.998 -19.9996 0.00729548
1.85 -109.998 -19.9996 0.00744285
1.86 -109.998 -19.9996 0.0075932
1.87 -109.998 -19.9996 0.00774659
1.88 -109.998 -19.9996 0.00790307
1.89 -109.998 -19.9996 0.00806272
1.9 -109.998 -19.9996 0.00822559
1.91 -109.998 -19.9995 0.00839175
1.92 -109.997 -19.9995 0.00856127
1.93 -109.997 -19.9995 0.00873421
1.94 -109.997 -19.9995 0.00891064
1.95 -109.997 -19.9995 0.00909064
1.96 -109.997 -19.9995 0.00927427
1.97 -109.997 -19.9995 0.00946162
1.98 -109.997 -19.9995 0.00965274
1.99 -109.997 -19.9995 0.00984773
2 -109.997 -19.9995 0.0100467
2.01 -109.997 -19.9994 0.0102496
2.02 -109.997 -19.9994 0.0104566
2.03 -109.997 -19.9994 0.0106679
2.04 -109.997 -19.9994 0.0108834
2.05 -109.997 -19.9994 0.0111032
2.06 -109.997 -19.9994 0.0113275
2.07 -109.997 -19.9994 0.0115563
2.08 -109.997 -19.9994 0.0117898
2.09 -109.996 -19.9994 0.0120279
2.1 -109.996 -19.9993 0.0122709
2.11 -109.996 -19.9993 0.0125187
2.12 -109.996 -19.9993 0.0127716
2.13 -109.996 -19.9993 0.0130296
2.14 -109.996 -19.9993 0.0132928
2.15 -109.996 -19.9993 0.0135613
2.16 -109.996 -19.9993 0.0138353
2.17 -109.996 -19.9992 0.0141147
2.18 -109.996 -19.9992 0.0143998
2.19 -109.996 -19.9992 0.0146907
2.2 -109.996 -19.9992 0.0149875
2.21 -109.995 -19.9992 0.0152902
2.22 -109.995 -19.9992 0.0155991
2.23 -109.995 -19.9991 0.0159141
2.24 -109.995 -19.9991 0.0162356
2.25 -109.995 -19.9991 0.0165636
2.26 -109.995 -19.9991 0.0168981
2.27 -109.995 -19.9991 0.0172395
2.28 -109.995 -19.9991 0.0175877
2.29 -109.995 -19.999 0.017943
2.3 -109.995 -19.999 0.0183054
2.31 -109.994 -19.999 0.0186751
2.32 -109.994 -19.999 0.0190524
2.33 -109.994 -19.999 0.0194372
2.34 -109.994 -19.9989 0.0198298
2.35 -109.994 -19.9989 0.0202304
2.36 -109.994 -19.9989 0.020639
2.37 -109.994 -19.9989 0.0210559
2.38 -109.994 -19.9988 0.0214812
2.39 -109.994 -19.9988 0.0219151
2.4 -109.993 -19.9988 0.0223578
2.41 -109.993 -19.9988 0.0228094
2.42 -109.993 -19.9987 0.0232701
2.43 -109.993 -19.9987 0.0237401
2.44 -109.993 -19.9987 0.0242196
2.45 -109.993 -19.9987 0.0247088
2.46 -109.993 -19.9986 0.0252079
2.47 -109.992 -19.9986 0.0257171
2.48 -109.992 -19.9986 0.0262365
2.49 -109.992 -19.9986 0.0267665
2.5 -109.992 -19.9985 0.0273071
2.51 -109.992 -19.9985 0.0278587
2.52 -109.992 -19.9985 0.0284214
2.53 -109.991 -19.9984 0.0289954
2.54 -109.991 -19.9984 0.0295811
2.55 -109.991 -19.9984 0.0301786
2.56 -109.991 -19.9983 0.0307881
2.57 -109.991 -19.9983 0.03141
2.58 -109.991 -19.9983 0.0320444
2.59 -109.99 -19.9982 0.0326916
2.6 -109.99 -19.9982 0.0333519
2.61 -109.99 -19.9982 0.0340255
2.62 -109.99 -19.9981 0.0347128
2.63 -109.99 -19.9981 0.0354139
2.64 -109.989 -19.9981 0.0361291
2.65 -109.989 -19.998 0.0368589
2.66 -109.989 -19.998 0.0376033
2.67 -109.989 -19.9979 0.0383628
2.68 -109.988 -19.9979 0.0391376
2.69 -109.988 -19.9979 0.0399281
2.7 -109.988 -19.9978 0.0407345
2.71 -109.988 -19.9978 0.0415572
2.72 -109.987 -19.9977 0.0423965
2.73 -109.987 -19.9977 0.0432528
2.74 -109.987 -19.9976 0.0441263
2.75 -109.987 -19.9976 0.0450175
2.76 -109.986 -19.9975 0.0459267
2.77 -109.986 -19.9975 0.0468543
2.78 -109.986 -19.9974 0.0478006
2.79 -109.986 -19.9974 0.0487659
2.8 -109.985 -19.9973 0.0497508
2.81 -109.985 -19.9973 0.0507556
2.82 -109.985 -19.9972 0.0517806
2.83 -109.984 -19.9972 0.0528264
2.84 -109.984 -19.9971 0.0538932
2.85 -109.984 -19.997 0.0549816
2.86 -109.983 -19.997 0.056092
2.87 -109.983 -19.9969 0.0572248
2.88 -109.983 -19.9969 0.0583804
2.89 -109.982 -19.9968 0.0595594
2.9 -109.982 -19.9967 0.0607622
2.91 -109.982 -19.9967 0.0619892
2.92 -109.981 -19.9966 0.0632411
2.93 -109.981 -19.9965 0.0645182
2.94 -109.981 -19.9965 0.0658211
2.95 -109.98 -19.9964 0.0671503
2.96 -109.98 -19.9963 0.0685063
2.97 -109.979 -19.9962 0.0698897
2.98 -109.979 -19.9962 0.071301
2.99 -109.979 -19.9961 0.0727409
3 -109.978 -19.996 0.0742097
3.01 -109.978 -19.9959 0.0757083
3.02 -109.977 -19.9958 0.077237
3.03 -109.977 -19.9958 0.0787967
3.04 -109.976 -19.9957 0.0803878
3.05 -109.976 -19.9956 0.082011
3.06 -109.975 -19.9955 0.083667
3.07 -109.975 -19.9954 0.0853564
3.08 -109.974 -19.9953 0.0870799
3.09 -109.974 -19.9952 0.0888382
3.1 -109.973 -19.9951 0.090632
3.11 -109.973 -19.995 0.0924619
3.12 -109.972 -19.9949 0.0943288
3.13 -109.972 -19.9948 0.0962334
3.14 -109.971 -19.9947 0.0981765
3.15 -109.97 -19.9946 0.100159
3.16 -109.97 -19.9945 0.102181
3.17 -109.969 -19.9944 0.104244
3.18 -109.969 -19.9943 0.106349
3.19 -109.968 -19.9942 0.108496
3.2 -109.967 -19.9941 0.110686
3.21 -109.967 -19.9939 0.112921
3.22 -109.966 -19.9938 0.115201
3.23 -109.965 -19.9937 0.117526
3.24 -109.965 -19.9936 0.119899
3.25 -109.964 -19.9934 0.12232
3.26 -109.963 -19.9933 0.124789
3.27 -109.962 -19.9932 0.127308
3.28 -109.962 -19.993 0.129878
3.29 -109.961 -19.9929 0.1325
3.3 -109.96 -19.9927 0.135175
3.31 -109.959 -19.9926 0.137903
3.32 -109.958 -19.9924 0.140687
3.33 -109.958 -19.9923 0.143527
3.34 -109.957 -19.9921 0.146424
3.35 -109.956 -19.992 0.14938
3.36 -109.955 -19.9918 0.152395
3.37 -109.954 -19.9916 0.155471
3.38 -109.953 -19.9915 0.158609
3.39 -109.952 -19.9913 0.16181
3.4 -109.951 -19.9911 0.165076
3.41 -109.95 -19.9909 0.168408
3.42 -109.949 -19.9908 0.171807
3.43 -109.948 -19.9906 0.175274
3.44 -109.947 -19.9904 0.178812
3.45 -109.946 -19.9902 0.18242
3.46 -109.945 -19.99 0.186102
3.47 -109.944 -19.9898 0.189857
3.48 -109.943 -19.9896 0.193689
3.49 -109.942 -19.9894 0.197597
3.5 -109.94 -19.9892 0.201585
3.51 -109.939 -19.9889 0.205653
3.52 -109.938 -19.9887 0.209802
3.53 -109.937 -19.9885 0.214036
3.54 -109.935 -19.9883 0.218354
3.55 -109.934 -19.988 0.22276
3.56 -109.933 -19.9878 0.227255
3.57 -109.931 -19.9875 0.23184
3.58 -109.93 -19.9873 0.236517
3.59 -109.929 -19.987 0.241289
3.6 -109.927 -19.9868 0.246157
3.61 -109.926 -19.9865 0.251123
3.62 -109.924 -19.9862 0.256189
3.63 -109.923 -19.9859 0.261357
3.64 -109.921 -19.9857 0.266629
3.65 -109.92 -19.9854 0.272008
3.66 -109.918 -19.9851 0.277495
3.67 -109.916 -19.9848 0.283092
3.68 -109.915 -19.9845 0.288802
3.69 -109.913 -19.9842 0.294627
3.7 -109.911 -19.9838 0.300569
3.71 -109.909 -19.9835 0.306631
3.72 -109.907 -19.9832 0.312815
3.73 -109.906 -19.9828 0.319123
3.74 -109.904 -19.9825 0.325559
3.75 -109.902 -19.9821 0.332124
3.76 -109.9 -19.9818 0.338821
3.77 -109.898 -19.9814 0.345653
3.78 -109.896 -19.981 0.352622
3.79 -109.894 -19.9807 0.359732
3.8 -109.891 -19.9803 0.366984
3.81 -109.889 -19.9799 0.374383
3.82 -109.887 -19.9795 0.381931
3.83 -109.885 -19.979 0.38963
3.84 -109.882 -19.9786 0.397484
3.85 -109.88 -19.9782 0.405496
3.86 -109.878 -19.9777 0.41367
3.87 -109.875 -19.9773 0.422007
3.88 -109.873 -19.9768 0.430513
3.89 -109.87 -19.9764 0.439189
3.9 -109.867 -19.9759 0.44804
3.91 -109.865 -19.9754 0.457069
3.92 -109.862 -19.9749 0.466279
3.93 -109.859 -19.9744 0.475674
3.94 -109.856 -19.9739 0.485259
3.95 -109.854 -19.9734 0.495035
3.96 -109.851 -19.9728 0.505008
3.97 -109.848 -19.9723 0.515182
3.98 -109.844 -19.9717 0.52556
3.99 -109.841 -19.9712 0.536146
4 -109.838 -19.9706 0.546945
4.01 -109.835 -19.97 0.557961
4.02 -109.832 -19.9694 0.569198
4.03 -109.828 -19.9688 0.580661
4.04 -109.825 -19.9681 0.592354
4.05 -109.821 -19.9675 0.604281
4.06 -109.818 -19.9668 0.616448
4.07 -109.814 -19.9662 0.628859
4.08 -109.81 -19.9655 0.641519
4.09 -109.806 -19.9648 0.654433
4.1 -109.802 -19.9641 0.667606
4.11 -109.798 -19.9633 0.681043
4.12 -109.794 -19.9626 0.694749
4.13 -109.79 -19.9618 0.70873
4.14 -109.786 -19.9611 0.722992
4.15 -109.782 -19.9603 0.737539
4.16 -109.777 -19.9595 0.752378
4.17 -109.773 -19.9587 0.767515
4.18 -109.768 -19.9578 0.782954
4.19 -109.763 -19.957 0.798703
4.2 -109.759 -19.9561 0.814767
4.21 -109.754 -19.9552 0.831153
4.22 -109.749 -19.9543 0.847866
4.23 -109.744 -19.9534 0.864915
4.24 -109.739 -19.9525 0.882304
4.25 -109.733 -19.9515 0.900041
4.26 -109.728 -19.9505 0.918133
4.27 -109.723 -19.9496 0.936587
4.28 -109.717 -19.9485 0.95541
4.29 -109.711 -19.9475 0.97461
4.3 -109.705 -19.9464 0.994193
4.31 -109.699 -19.9454 1.01417
4.32 -109.693 -19.9443 1.03454
4.33 -109.687 -19.9431 1.05532
4.34 -109.681 -19.942 1.07652
4.35 -109.675 -19.9408 1.09813
4.36 -109.668 -19.9396 1.12018
4.37 -109.661 -19.9384 1.14267
4.38 -109.654 -19.9372 1.16561
4.39 -109.648 -19.9359 1.18901
4.4 -109.64 -19.9346 1.21287
4.41 -109.633 -19.9333 1.23721
4.42 -109.626 -19.932 1.26203
4.43 -109.618 -19.9306 1.28735
4.44 -109.611 -19.9292 1.31317
4.45 -109.603 -19.9278 1.33951
4.46 -109.595 -19.9263 1.36637
4.47 -109.587 -19.9248 1.39376
4.48 -109.578 -19.9233 1.4217
4.49 -109.57 -19.9218 1.4502
4.5 -109.561 -19.9202 1.47926
4.51 -109.552 -19.9186 1.5089
4.52 -109.543 -19.917 1.53913
4.53 -109.534 -19.9153 1.56996
4.54 -109.525 -19.9136 1.6014
4.55 -109.515 -19.9118 1.63347
4.56 -109.505 -19.9101 1.66617
4.57 -109.495 -19.9083 1.69952
4.58 -109.485 -19.9064 1.73353
4.59 -109.475 -19.9045 1.76821
4.6 -109.464 -19.9026 1.80359
4.61 -109.454 -19.9007 1.83966
4.62 -109.443 -19.8987 1.87645
4.63 -109.431 -19.8966 1.91396
4.64 -109.42 -19.8946 1.95222
4.65 -109.408 -19.8924 1.99123
4.66 -109.397 -19.8903 2.03102
4.67 -109.384 -19.8881 2.07159
4.68 -109.372 -19.8858 2.11296
4.69 -109.359 -19.8835 2.15514
4.7 -109.347 -19.8812 2.19816
4.71 -109.333 -19.8788 2.24203
4.72 -109.32 -19.8764 2.28676
4.73 -109.306 -19.8739 2.33238
4.74 -109.292 -19.8714 2.37889
4.75 -109.278 -19.8688 2.42631
4.76 -109.264 -19.8661 2.47467
4.77 -109.249 -19.8635 2.52398
4.78 -109.234 -19.8607 2.57426
4.79 -109.219 -19.8579 2.62552
4.8 -109.203 -19.8551 2.67779
4.81 -109.187 -19.8522 2.73109
4.82 -109.171 -19.8492 2.78543
4.83 -109.154 -19.8462 2.84083
4.84 -109.137 -19.8431 2.89732
4.85 -109.12 -19.84 2.95492
4.86 -109.102 -19.8367 3.01363
4.87 -109.084 -19.8335 3.0735
4.88 -109.066 -19.8301 3.13453
4.89 -109.047 -19.8267 3.19676
4.9 -109.028 -19.8233 3.2602
4.91 -109.009 -19.8197 3.32487
4.92 -108.989 -19.8161 3.3908
4.93 -108.968 -19.8124 3.45802
4.94 -108.948 -19.8087 3.52654
4.95 -108.927 -19.8049 3.59639
4.96 -108.905 -19.801 3.66759
4.97 -108.883 -19.797 3.74018
4.98 -108.861 -19.7929 3.81417
4.99 -108.838 -19.7888 3.8896
5 -108.815 -19.7846 3.96648
5.01 -108.791 -19.7803 4.04485
5.02 -108.767 -19.7759 4.12473
5.03 -108.743 -19.7714 4.20615
5.04 -108.718 -19.7668 4.28913
5.05 -108.692 -19.7622 4.37372
5.06 -108.666 -19.7574 4.45993
5.07 -108.639 -19.7526 4.5478
5.08 -108.612 -19.7477 4.63735
5.09 -108.584 -19.7426 4.72862
5.1 -108.556 -19.7375 4.82164
5.11 -108.527 -19.7323 4.91644
5.12 -108.498 -19.7269 5.01304
5.13 -108.468 -19.7215 5.11149
5.14 -108.438 -19.7159 5.21182
5.15 -108.407 -19.7103 5.31406
5.16 -108.375 -19.7045 5.41824
5.17 -108.343 -19.6986 5.52439
5.18 -108.31 -19.6926 5.63256
5.19 -108.276 -19.6865 5.74278
5.2 -108.242 -19.6803 5.85509
5.21 -108.207 -19.674 5.96951
5.22 -108.171 -19.6675 6.08609
5.23 -108.135 -19.6609 6.20487
5.24 -108.098 -19.6541 6.32589
5.25 -108.06 -19.6473 6.44917
5.26 -108.022 -19.6403 6.57477
5.27 -107.982 -19.6331 6.70271
5.28 -107.942 -19.6259 6.83305
5.29 -107.902 -19.6185 6.96582
5.3 -107.86 -19.6109 7.10107
5.31 -107.818 -19.6032 7.23883
5.32 -107.774 -19.5953 7.37915
5.33 -107.73 -19.5873 7.52206
5.34 -107.685 -19.5792 7.66763
5.35 -107.64 -19.5709 7.81588
5.36 -107.593 -19.5624 7.96686
5.37 -107.546 -19.5537 8.12062
5.38 -107.497 -19.5449 8.2772
5.39 -107.448 -19.5359 8.43666
5.4 -107.397 -19.5268 8.59903
5.41 -107.346 -19.5175 8.76436
5.42 -107.294 -19.508 8.9327
5.43 -107.24 -19.4983 9.1041
5.44 -107.186 -19.4884 9.27861
5.45 -107.131 -19.4783 9.45627
5.46 -107.074 -19.4681 9.63714
5.47 -107.017 -19.4576 9.82127
5.48 -106.958 -19.447 10.0087
5.49 -106.899 -19.4361 10.1995
5.5 -106.838 -19.425 10.3937
5.51 -106.776 -19.4138 10.5914
5.52 -106.712 -19.4023 10.7925
5.53 -106.648 -19.3906 10.9973
5.54 -106.582 -19.3786 11.2056
5.55 -106.516 -19.3665 11.4177
5.56 -106.447 -19.3541 11.6334
5.57 -106.378 -19.3415 11.853
5.58 -106.307 -19.3286 12.0763
5.59 -106.235 -19.3155 12.3036
5.6 -106.162 -19.3022 12.5348
5.61 -106.087 -19.2886 12.77
5.62 -106.011 -19.2747 13.0093
5.63 -105.933 -19.2606 13.2527
5.64 -105.854 -19.2462 13.5002
5.65 -105.774 -19.2316 13.752
5.66 -105.692 -19.2167 14.008
5.67 -105.608 -19.2015 14.2684
5.68 -105.523 -19.186 14.5332
5.69 -105.436 -19.1703 14.8025
5.7 -105.348 -19.1542 15.0762
5.71 -105.258 -19.1379 15.3545
5.72 -105.167 -19.1212 15.6375
5.73 -105.073 -19.1042 15.9251
5.74 -104.978 -19.087 16.2174
5.75 -104.882 -19.0694 16.5146
5.76 -104.783 -19.0515 16.8166
5.77 -104.683 -19.0332 17.1235
5.78 -104.581 -19.0147 17.4353
5.79 -104.477 -18.9958 17.7522
5.8 -104.371 -18.9765 18.0741
5.81 -104.263 -18.9569 18.4012
5.82 -104.153 -18.937 18.7334
5.83 -104.042 -18.9167 19.0708
5.84 -103.928 -18.896 19.4136
5.85 -103.812 -18.8749 19.7617
5.86 -103.694 -18.8535 20.1151
5.87 -103.574 -18.8317 20.4741
5.88 -103.452 -18.8095 20.8384
5.89 -103.328 -18.7869 21.2084
5.9 -103.202 -18.7639 21.5839
5.91 -103.073 -18.7405 21.965
5.92 -102.942 -18.7167 22.3518
5.93 -102.809 -18.6925 22.7444
5.94 -102.673 -18.6678 23.1427
5.95 -102.535 -18.6428 23.5468
5.96 -102.395 -18.6172 23.9567
5.97 -102.252 -18.5913 24.3726
5.98 -102.107 -18.5648 24.7943
5.99 -101.959 -18.538 25.222
6 -101.809 -18.5106 25.6557
6.01 -101.656 -18.4828 26.0954
6.02 -101.5 -18.4546 26.5412
6.03 -101.342 -18.4258 26.993
6.04 -101.181 -18.3965 27.4509
6.05 -101.017 -18.3668 27.915
6.06 -100.851 -18.3365 28.3852
6.07 -100.682 -18.3058 28.8615
6.08 -100.51 -18.2745 29.344
6.09 -100.335 -18.2427 29.8327
6.1 -100.157 -18.2104 30.3277
6.11 -99.9765 -18.1775 30.8288
6.12 -99.7928 -18.1441 31.3361
6.13 -99.6061 -18.1102 31.8496
6.14 -99.4163 -18.0757 32.3693
6.15 -99.2234 -18.0406 32.8952
6.16 -99.0274 -18.005 33.4273
6.17 -98.8283 -17.9688 33.9655
6.18 -98.626 -17.932 34.5099
6.19 -98.4204 -17.8946 35.0604
6.2 -98.2115 -17.8566 35.6171
6.21 -97.9993 -17.8181 36.1798
6.22 -97.7838 -17.7789 36.7485
6.23 -97.565 -17.7391 37.3232
6.24 -97.3427 -17.6987 37.9039
6.25 -97.1169 -17.6576 38.4904
6.26 -96.8877 -17.6159 39.0828
6.27 -96.6549 -17.5736 39.681
6.28 -96.4186 -17.5307 40.2849
6.29 -96.1787 -17.487 40.8945
6.3 -95.9352 -17.4428 41.5096
6.31 -95.6881 -17.3978 42.1302
6.32 -95.4372 -17.3522 42.7563
6.33 -95.1827 -17.3059 43.3876
6.34 -94.9244 -17.259 44.0242
6.35 -94.6623 -17.2113 44.6658
6.36 -94.3964 -17.163 45.3125
6.37 -94.1267 -17.1139 45.9641
6.38 -93.8531 -17.0642 46.6204
6.39 -93.5756 -17.0137 47.2814
6.4 -93.2942 -16.9626 47.9469
6.41 -93.0088 -16.9107 48.6167
6.42 -92.7195 -16.8581 49.2907
6.43 -92.4262 -16.8048 49.9688
6.44 -92.1288 -16.7507 50.6508
6.45 -91.8275 -16.6959 51.3364
6.46 -91.522 -16.6404 52.0257
6.47 -91.2125 -16.5841 52.7183
6.48 -90.8989 -16.5271 53.414
6.49 -90.5811 -16.4693 54.1127
6.5 -90.2592 -16.4108 54.8142
6.51 -89.9332 -16.3515 55.5183
6.52 -89.603 -16.2915 56.2247
6.53 -89.2686 -16.2307 56.9331
6.54 -88.93 -16.1691 57.6435
6.55 -88.5872 -16.1068 58.3555
6.56 -88.2402 -16.0437 59.0689
6.57 -87.889 -15.9798 59.7834
6.58 -87.5336 -15.9152 60.4988
6.59 -87.1739 -15.8498 61.2147
6.6 -86.81 -15.7836 61.931
6.61 -86.4418 -15.7167 62.6474
6.62 -86.0695 -15.649 63.3635
6.63 -85.6929 -15.5805 64.079
6.64 -85.312 -15.5113 64.7938
6.65 -84.927 -15.4413 65.5073
6.66 -84.5377 -15.3705 66.2194
6.67 -84.1443 -15.299 66.9297
6.68 -83.7466 -15.2267 67.6379
6.69 -83.3448 -15.1536 68.3437
6.7 -82.9388 -15.0798 69.0467
6.71 -82.5286 -15.0052 69.7466
6.72 -82.1143 -14.9299 70.443
6.73 -81.696 -14.8538 71.1355
6.74 -81.2735 -14.777 71.824
6.75 -80.847 -14.6995 72.5078
6.76 -80.4164 -14.6212 73.1868
6.77 -79.9819 -14.5422 73.8606
6.78 -79.5434 -14.4624 74.5286
6.79 -79.101 -14.382 75.1907
6.8 -78.6546 -14.3008 75.8465
6.81 -78.2044 -14.219 76.4954
6.82 -77.7504 -14.1364 77.1373
6.83 -77.2927 -14.0532 77.7716
6.84 -76.8312 -13.9693 78.398
6.85 -76.366 -13.8847 79.0162
6.86 -75.8972 -13.7995 79.6257
6.87 -75.4248 -13.7136 80.2262
6.88 -74.9489 -13.6271 80.8173
6.89 -74.4695 -13.5399 81.3986
6.9 -73.9868 -13.4521 81.9698
6.91 -73.5007 -13.3638 82.5304
6.92 -73.0113 -13.2748 83.0801
6.93 -72.5186 -13.1852 83.6186
6.94 -72.0229 -13.0951 84.1454
6.95 -71.524 -13.0044 84.6602
6.96 -71.0222 -12.9131 85.1626
6.97 -70.5174 -12.8213 85.6524
6.98 -70.0098 -12.7291 86.1292
6.99 -69.4994 -12.6362 86.5925
7 -68.9863 -12.543 87.0422
7.01 -68.4705 -12.4492 87.4778
7.02 -67.9523 -12.355 87.8991
7.03 -67.4316 -12.2603 88.3057
7.04 -66.9085 -12.1652 88.6973
7.05 -66.3832 -12.0697 89.0738
7.06 -65.8556 -11.9738 89.4347
7.07 -65.326 -11.8775 89.7798
7.08 -64.7944 -11.7808 90.1088
7.09 -64.261 -11.6838 90.4215
7.1 -63.7257 -11.5865 90.7177
7.11 -63.1887 -11.4889 90.9972
7.12 -62.6501 -11.3909 91.2596
7.13 -62.11 -11.2927 91.5048
7.14 -61.5685 -11.1943 91.7327
7.15 -61.0257 -11.0956 91.943
7.16 -60.4817 -10.9967 92.1356
7.17 -59.9367 -10.8976 92.3103
7.18 -59.3906 -10.7983 92.4669
7.19 -58.8437 -10.6989 92.6055
7.2 -58.296 -10.5993 92.7258
7.21 -57.7477 -10.4996 92.8277
7.22 -57.1988 -10.3998 92.9113
7.23 -56.6495 -10.2999 92.9763
7.24 -56.0999 -10.2 93.0228
7.25 -55.55 -10.1 93.0507
7.26 -55 -10 93.06
7.27 -54.45 -9.9 93.0507
7.28 -53.9001 -9.80003 93.0228
7.29 -53.3505 -9.70009 92.9763
7.3 -52.8012 -9.60021 92.9113
7.31 -52.2523 -9.50042 92.8277
7.32 -51.704 -9.40072 92.7258
7.33 -51.1563 -9.30114 92.6055
7.34 -50.6094 -9.2017 92.4669
7.35 -50.0633 -9.10242 92.3103
7.36 -49.5183 -9.00332 92.1356
7.37 -48.9743 -8.90442 91.943
7.38 -48.4315 -8.80573 91.7327
7.39 -47.89 -8.70727 91.5048
7.4 -47.3499 -8.60908 91.2596
7.41 -46.8113 -8.51115 90.9972
7.42 -46.2743 -8.41351 90.7177
7.43 -45.739 -8.31619 90.4215
7.44 -45.2056 -8.21919 90.1088
7.45 -44.674 -8.12254 89.7798
7.46 -44.1444 -8.02625 89.4347
7.47 -43.6168 -7.93034 89.0738
7.48 -43.0915 -7.83482 88.6973
7.49 -42.5684 -7.73972 88.3057
7.5 -42.0477 -7.64504 87.8991
7.51 -41.5295 -7.55081 87.4778
7.52 -41.0137 -7.45704 87.0422
7.53 -40.5006 -7.36375 86.5925
7.54 -39.9902 -7.27095 86.1292
7.55 -39.4826 -7.17865 85.6524
7.56 -38.9778 -7.08687 85.1626
7.57 -38.476 -6.99563 84.6602
7.58 -37.9771 -6.90493 84.1454
7.59 -37.4814 -6.81479 83.6186
7.6 -36.9887 -6.72523 83.0801
7.61 -36.4993 -6.63624 82.5304
7.62 -36.0132 -6.54786 81.9698
7.63 -35.5305 -6.46008 81.3986
7.64 -35.0511 -6.37293 80.8173
7.65 -34.5752 -6.2864 80.2262
7.66 -34.1028 -6.20051 79.6257
7.67 -33.634 -6.11527 79.0162
7.68 -33.1688 -6.0307 78.398
7.69 -32.7073 -5.94679 77.7716
7.7 -32.2496 -5.86356 77.1373
7.71 -31.7956 -5.78101 76.4954
7.72 -31.3454 -5.69916 75.8465
7.73 -30.899 -5.61801 75.1907
7.74 -30.4566 -5.53756 74.5286
7.75 -30.0181 -5.45784 73.8606
7.76 -29.5836 -5.37883 73.1868
7.77 -29.153 -5.30055 72.5078
7.78 -28.7265 -5.223 71.824
7.79 -28.304 -5.14619 71.1355
7.8 -27.8857 -5.07012 70.443
7.81 -27.4714 -4.9948 69.7466
7.82 -27.0612 -4.92023 69.0467
7.83 -26.6552 -4.84641 68.3437
7.84 -26.2534 -4.77335 67.6379
7.85 -25.8557 -4.70104 66.9297
7.86 -25.4623 -4.6295 66.2194
7.87 -25.073 -4.55873 65.5073
7.88 -24.688 -4.48872 64.7938
7.89 -24.3071 -4.41948 64.079
7.9 -23.9305 -4.351 63.3635
7.91 -23.5582 -4.2833 62.6474
7.92 -23.19 -4.21637 61.931
7.93 -22.8261 -4.1502 61.2147
7.94 -22.4664 -4.08481 60.4988
7.95 -22.111 -4.02018 59.7834
7.96 -21.7598 -3.95632 59.0689
7.97 -21.4128 -3.89323 58.3555
7.98 -21.07 -3.83091 57.6435
7.99 -20.7314 -3.76935 56.9331
8 -20.397 -3.70855 56.2247
8.01 -20.0668 -3.64851 55.5183
8.02 -19.7408 -3.58923 54.8142
8.03 -19.4189 -3.53071 54.1127
8.04 -19.1011 -3.47293 53.414
8.05 -18.7875 -3.41591 52.7183
8.06 -18.478 -3.35963 52.0257
8.07 -18.1725 -3.3041 51.3364
8.08 -17.8712 -3.2493 50.6508
8.09 -17.5738 -3.19524 49.9688
8.1 -17.2805 -3.14191 49.2907
8.11 -16.9912 -3.08931 48.6167
8.12 -16.7058 -3.03742 47.9469
8.13 -16.4244 -2.98626 47.2814
8.14 -16.1469 -2.93581 46.6204
8.15 -15.8733 -2.88606 45.9641
8.16 -15.6036 -2.83702 45.3125
8.17 -15.3377 -2.78868 44.6658
8.18 -15.0756 -2.74103 44.0242
8.19 -14.8173 -2.69406 43.3876
8.2 -14.5628 -2.64778 42.7563
8.21 -14.3119 -2.60217 42.1302
8.22 -14.0648 -2.55723 41.5096
8.23 -13.8213 -2.51296 40.8945
8.24 -13.5814 -2.46934 40.2849
8.25 -13.3451 -2.42638 39.681
8.26 -13.1123 -2.38406 39.0828
8.27 -12.8831 -2.34238 38.4904
8.28 -12.6573 -2.30133 37.9039
8.29 -12.435 -2.26092 37.3232
8.3 -12.2162 -2.22112 36.7485
8.31 -12.0007 -2.18194 36.1798
8.32 -11.7885 -2.14336 35.6171
8.33 -11.5796 -2.10539 35.0604
8.34 -11.374 -2.06801 34.5099
8.35 -11.1717 -2.03122 33.9655
8.36 -10.9726 -1.99501 33.4273
8.37 -10.7766 -1.95938 32.8952
8.38 -10.5837 -1.92431 32.3693
8.39 -10.3939 -1.88981 31.8496
8.4 -10.2072 -1.85586 31.3361
8.41 -10.0235 -1.82246 30.8288
8.42 -9.84281 -1.7896 30.3277
8.43 -9.66503 -1.75728 29.8327
8.44 -9.49016 -1.72548 29.344
8.45 -9.31816 -1.69421 28.8615
8.46 -9.149 -1.66345 28.3852
8.47 -8.98263 -1.63321 27.915
8.48 -8.81902 -1.60346 27.4509
8.49 -8.65814 -1.57421 26.993
8.5 -8.49994 -1.54544 26.5412
8.51 -8.3444 -1.51716 26.0954
8.52 -8.19147 -1.48936 25.6557
8.53 -8.04113 -1.46202 25.222
8.54 -7.89333 -1.43515 24.7943
8.55 -7.74804 -1.40873 24.3726
8.56 -7.60523 -1.38277 23.9567
8.57 -7.46485 -1.35725 23.5468
8.58 -7.32688 -1.33216 23.1427
8.59 -7.19129 -1.30751 22.7444
8.6 -7.05803 -1.28328 22.3518
8.61 -6.92707 -1.25947 21.965
8.62 -6.79838 -1.23607 21.5839
8.63 -6.67193 -1.21308 21.2084
8.64 -6.54768 -1.19049 20.8384
8.65 -6.4256 -1.16829 20.4741
8.66 -6.30566 -1.14648 20.1151
8.67 -6.18782 -1.12506 19.7617
8.68 -6.07206 -1.10401 19.4136
8.69 -5.95834 -1.08333 19.0708
8.7 -5.84663 -1.06302 18.7334
8.71 -5.73689 -1.04307 18.4012
8.72 -5.62911 -1.02347 18.0741
8.73 -5.52324 -1.00423 17.7522
8.74 -5.41926 -0.98532 17.4353
8.75 -5.31714 -0.966753 17.1235
8.76 -5.21685 -0.948517 16.8166
8.77 -5.11835 -0.930609 16.5146
8.78 -5.02163 -0.913023 16.2174
8.79 -4.92665 -0.895754 15.9251
8.8 -4.83338 -0.878796 15.6375
8.81 -4.7418 -0.862145 15.3545
8.82 -4.65187 -0.845795 15.0762
8.83 -4.56358 -0.829742 14.8025
8.84 -4.4769 -0.813981 14.5332
8.85 -4.39179 -0.798507 14.2684
8.86 -4.30823 -0.783314 14.008
8.87 -4.2262 -0.7684 13.752
8.88 -4.14567 -0.753758 13.5002
8.89 -4.06661 -0.739384 13.2527
8.9 -3.98901 -0.725274 13.0093
8.91 -3.91283 -0.711424 12.77
8.92 -3.83805 -0.697828 12.5348
8.93 -3.76466 -0.684483 12.3036
8.94 -3.69261 -0.671384 12.0763
8.95 -3.6219 -0.658528 11.853
8.96 -3.5525 -0.645909 11.6334
8.97 -3.48439 -0.633525 11.4177
8.98 -3.41753 -0.62137 11.2056
8.99 -3.35192 -0.609441 10.9973
9 -3.28753 -0.597734 10.7925
9.01 -3.22435 -0.586245 10.5914
9.02 -3.16233 -0.57497 10.3937
9.03 -3.10148 -0.563906 10.1995
9.04 -3.04177 -0.553048 10.0087
9.05 -2.98317 -0.542394 9.82127
9.06 -2.92567 -0.53194 9.63714
9.07 -2.86925 -0.521682 9.45627
9.08 -2.81389 -0.511616 9.27861
9.09 -2.75957 -0.501739 9.1041
9.1 -2.70627 -0.492049 8.9327
9.11 -2.65397 -0.48254 8.76436
9.12 -2.60266 -0.473212 8.59903
9.13 -2.55232 -0.464059 8.43666
9.14 -2.50293 -0.455079 8.2772
9.15 -2.45448 -0.446269 8.12062
9.16 -2.40694 -0.437625 7.96686
9.17 -2.3603 -0.429146 7.81588
9.18 -2.31455 -0.420827 7.66763
9.19 -2.26966 -0.412666 7.52206
9.2 -2.22563 -0.40466 7.37915
9.21 -2.18243 -0.396806 7.23883
9.22 -2.14006 -0.389102 7.10107
9.23 -2.09849 -0.381544 6.96582
9.24 -2.05772 -0.37413 6.83305
9.25 -2.01772 -0.366858 6.70271
9.26 -1.97848 -0.359724 6.57477
9.27 -1.94 -0.352727 6.44917
9.28 -1.90225 -0.345863 6.32589
9.29 -1.86522 -0.339131 6.20487
9.3 -1.8289 -0.332527 6.08609
9.31 -1.79327 -0.32605 5.96951
9.32 -1.75833 -0.319697 5.85509
9.33 -1.72406 -0.313466 5.74278
9.34 -1.69045 -0.307354 5.63256
9.35 -1.65748 -0.30136 5.52439
9.36 -1.62514 -0.295481 5.41824
9.37 -1.59343 -0.289714 5.31406
9.38 -1.56233 -0.284059 5.21182
9.39 -1.53182 -0.278513 5.11149
9.4 -1.5019 -0.273073 5.01304
9.41 -1.47256 -0.267738 4.91644
9.42 -1.44379 -0.262506 4.82164
9.43 -1.41556 -0.257375 4.72862
9.44 -1.38789 -0.252343 4.63735
9.45 -1.36075 -0.247408 4.5478
9.46 -1.33413 -0.242569 4.45993
9.47 -1.30802 -0.237823 4.37372
9.48 -1.28243 -0.233168 4.28913
9.49 -1.25732 -0.228604 4.20615
9.5 -1.2327 -0.224128 4.12473
9.51 -1.20856 -0.219739 4.04485
9.52 -1.18489 -0.215435 3.96648
9.53 -1.16168 -0.211214 3.8896
9.54 -1.13891 -0.207075 3.81417
9.55 -1.11659 -0.203016 3.74018
9.56 -1.0947 -0.199036 3.66759
9.57 -1.07323 -0.195133 3.59639
9.58 -1.05219 -0.191306 3.52654
9.59 -1.03155 -0.187554 3.45802
9.6 -1.01131 -0.183874 3.3908
9.61 -0.991463 -0.180266 3.32487
9.62 -0.972004 -0.176728 3.2602
9.63 -0.952924 -0.173259 3.19676
9.64 -0.934215 -0.169857 3.13453
9.65 -0.91587 -0.166522 3.0735
9.66 -0.897883 -0.163251 3.01363
9.67 -0.880246 -0.160045 2.95492
9.68 -0.862953 -0.1569 2.89732
9.69 -0.845996 -0.153818 2.84083
9.7 -0.829371 -0.150795 2.78543
9.71 -0.81307 -0.147831 2.73109
9.72 -0.797086 -0.144925 2.67779
9.73 -0.781415 -0.142075 2.62552
9.74 -0.76605 -0.139282 2.57426
9.75 -0.750985 -0.136543 2.52398
9.76 -0.736214 -0.133857 2.47467
9.77 -0.721731 -0.131224 2.42631
9.78 -0.707532 -0.128642 2.37889
9.79 -0.69361 -0.126111 2.33238
9.8 -0.679961 -0.123629 2.28676
9.81 -0.666578 -0.121196 2.24203
9.82 -0.653457 -0.11881 2.19816
9.83 -0.640593 -0.116472 2.15514
9.84 -0.627981 -0.114178 2.11296
9.85 -0.615616 -0.11193 2.07159
9.86 -0.603493 -0.109726 2.03102
9.87 -0.591607 -0.107565 1.99123
9.88 -0.579954 -0.105446 1.95222
9.89 -0.56853 -0.103369 1.91396
9.9 -0.557329 -0.101333 1.87645
9.91 -0.546348 -0.099336 1.83966
9.92 -0.535582 -0.0973786 1.80359
9.93 -0.525028 -0.0954596 1.76821
9.94 -0.51468 -0.0935782 1.73353
9.95 -0.504536 -0.0917337 1.69952
9.96 -0.49459 -0.0899255 1.66617
9.97 -0.48484 -0.0881527 1.63347
9.98 -0.475281 -0.0864147 1.6014
9.99 -0.465909 -0.0847108 1.56996
10 -0.456722 -0.0830404 1.53913
10.01 -0.447715 -0.0814028 1.5089
10.02 -0.438885 -0.0797973 1.47926
10.03 -0.430229 -0.0782234 1.4502
10.04 -0.421742 -0.0766804 1.4217
10.05 -0.413423 -0.0751677 1.39376
10.06 -0.405266 -0.0736848 1.36637
10.07 -0.397271 -0.072231 1.33951
10.08 -0.389432 -0.0708058 1.31317
10.09 -0.381747 -0.0694086 1.28735
10.1 -0.374214 -0.0680389 1.26203
10.11 -0.366829 -0.0666961 1.23721
10.12 -0.359589 -0.0653798 1.21287
10.13 -0.352491 -0.0640893 1.18901
10.14 -0.345533 -0.0628243 1.16561
10.15 -0.338713 -0.0615841 1.14267
10.16 -0.332026 -0.0603683 1.12018
10.17 -0.325471 -0.0591765 1.09813
10.18 -0.319045 -0.0580081 1.07652
10.19 -0.312745 -0.0568627 1.05532
10.2 -0.30657 -0.0557399 1.03454
10.21 -0.300516 -0.0546392 1.01417
10.22 -0.294581 -0.0535602 0.994193
10.23 -0.288763 -0.0525024 0.97461
10.24 -0.28306 -0.0514655 0.95541
10.25 -0.277469 -0.0504489 0.936587
10.26 -0.271989 -0.0494525 0.918133
10.27 -0.266616 -0.0484756 0.900041
10.28 -0.261349 -0.047518 0.882304
10.29 -0.256186 -0.0465793 0.864915
10.3 -0.251125 -0.0456591 0.847866
10.31 -0.246163 -0.044757 0.831153
10.32 -0.2413 -0.0438727 0.814767
10.33 -0.236532 -0.0430058 0.798703
10.34 -0.231858 -0.042156 0.782954
10.35 -0.227277 -0.041323 0.767515
10.36 -0.222785 -0.0405064 0.752378
10.37 -0.218383 -0.0397059 0.737539
10.38 -0.214067 -0.0389212 0.722992
10.39 -0.209836 -0.038152 0.70873
10.4 -0.205689 -0.037398 0.694749
10.41 -0.201623 -0.0366588 0.681043
10.42 -0.197638 -0.0359342 0.667606
10.43 -0.193731 -0.0352239 0.654433
10.44 -0.189902 -0.0345276 0.641519
10.45 -0.186148 -0.0338451 0.628859
10.46 -0.182468 -0.033176 0.616448
10.47 -0.178861 -0.0325202 0.604281
10.48 -0.175325 -0.0318772 0.592354
10.49 -0.171859 -0.031247 0.580661
10.5 -0.168461 -0.0306292 0.569198
10.51 -0.16513 -0.0300236 0.557961
10.52 -0.161865 -0.02943 0.546945
10.53 -0.158665 -0.0288481 0.536146
10.54 -0.155527 -0.0282777 0.52556
10.55 -0.152452 -0.0277185 0.515182
10.56 -0.149437 -0.0271704 0.505008
10.57 -0.146482 -0.0266331 0.495035
10.58 -0.143585 -0.0261064 0.485259
10.59 -0.140746 -0.0255901 0.475674
10.6 -0.137962 -0.0250841 0.466279
10.61 -0.135234 -0.024588 0.457069
10.62 -0.132559 -0.0241017 0.44804
10.63 -0.129938 -0.023625 0.439189
10.64 -0.127368 -0.0231577 0.430513
10.65 -0.124848 -0.0226997 0.422007
10.66 -0.122379 -0.0222507 0.41367
10.67 -0.119958 -0.0218106 0.405496
10.68 -0.117586 -0.0213792 0.397484
10.69 -0.11526 -0.0209563 0.38963
10.7 -0.11298 -0.0205418 0.381931
10.71 -0.110745 -0.0201354 0.374383
10.72 -0.108554 -0.0197371 0.366984
10.73 -0.106407 -0.0193467 0.359732
10.74 -0.104302 -0.0189639 0.352622
10.75 -0.102238 -0.0185888 0.345653
10.76 -0.100216 -0.018221 0.338821
10.77 -0.098233 -0.0178605 0.332124
10.78 -0.0962896 -0.0175072 0.325559
10.79 -0.0943845 -0.0171608 0.319123
10.8 -0.0925172 -0.0168213 0.312815
10.81 -0.0906867 -0.0164885 0.306631
10.82 -0.0888924 -0.0161623 0.300569
10.83 -0.0871337 -0.0158425 0.294627
10.84 -0.0854096 -0.015529 0.288802
10.85 -0.0837197 -0.0152218 0.283092
10.86 -0.0820632 -0.0149206 0.277495
10.87 -0.0804394 -0.0146253 0.272008
10.88 -0.0788477 -0.014336 0.266629
10.89 -0.0772875 -0.0140523 0.261357
10.9 -0.0757582 -0.0137742 0.256189
10.91 -0.0742591 -0.0135017 0.251123
10.92 -0.0727896 -0.0132345 0.246157
10.93 -0.0713492 -0.0129726 0.241289
10.94 -0.0699373 -0.0127159 0.236517
10.95 -0.0685533 -0.0124642 0.23184
10.96 -0.0671967 -0.0122176 0.227255
10.97 -0.0658669 -0.0119758 0.22276
10.98 -0.0645635 -0.0117388 0.218354
10.99 -0.0632857 -0.0115065 0.214036
11 -0.0620333 -0.0112788 0.209802
11.01 -0.0608057 -0.0110556 0.205653
11.02 -0.0596023 -0.0108368 0.201585
11.03 -0.0584227 -0.0106223 0.197597
11.04 -0.0572664 -0.0104121 0.193689
11.05 -0.0561331 -0.010206 0.189857
11.06 -0.0550221 -0.010004 0.186102
11.07 -0.0539331 -0.00980603 0.18242
11.08 -0.0528657 -0.00961195 0.178812
11.09 -0.0518194 -0.00942171 0.175274
11.1 -0.0507938 -0.00923523 0.171807
11.11 -0.0497884 -0.00905244 0.168408
11.12 -0.048803 -0.00887327 0.165076
11.13 -0.0478371 -0.00869765 0.16181
11.14 -0.0468902 -0.0085255 0.158609
11.15 -0.0459621 -0.00835675 0.155471
11.16 -0.0450524 -0.00819134 0.152395
11.17 -0.0441606 -0.00802921 0.14938
11.18 -0.0432866 -0.00787028 0.146424
11.19 -0.0424298 -0.0077145 0.143527
11.2 -0.0415899 -0.0075618 0.140687
11.21 -0.0407667 -0.00741212 0.137903
11.22 -0.0399597 -0.00726541 0.135175
11.23 -0.0391688 -0.00712159 0.1325
11.24 -0.0383934 -0.00698063 0.129878
11.25 -0.0376335 -0.00684245 0.127308
11.26 -0.0368885 -0.006707 0.124789
11.27 -0.0361583 -0.00657424 0.12232
11.28 -0.0354426 -0.0064441 0.119899
11.29 -0.034741 -0.00631654 0.117526
11.3 -0.0340533 -0.0061915 0.115201
11.31 -0.0333792 -0.00606894 0.112921
11.32 -0.0327184 -0.0059488 0.110686
11.33 -0.0320707 -0.00583104 0.108496
11.34 -0.0314359 -0.00571561 0.106349
11.35 -0.0308136 -0.00560247 0.104244
11.36 -0.0302036 -0.00549156 0.102181
11.37 -0.0296057 -0.00538285 0.100159
11.38 -0.0290196 -0.00527629 0.0981765
11.39 -0.0284451 -0.00517184 0.0962334
11.4 -0.027882 -0.00506946 0.0943288
11.41 -0.0273301 -0.0049691 0.0924619
11.42 -0.026789 -0.00487073 0.090632
11.43 -0.0262587 -0.00477431 0.0888382
11.44 -0.0257389 -0.00467979 0.0870799
11.45 -0.0252293 -0.00458715 0.0853564
11.46 -0.0247298 -0.00449634 0.083667
11.47 -0.0242403 -0.00440732 0.082011
11.48 -0.0237604 -0.00432007 0.0803878
11.49 -0.02329 -0.00423454 0.0787967
11.5 -0.0228289 -0.00415071 0.077237
11.51 -0.022377 -0.00406854 0.0757083
11.52 -0.021934 -0.00398799 0.0742097
11.53 -0.0214997 -0.00390904 0.0727409
11.54 -0.0210741 -0.00383165 0.071301
11.55 -0.0206569 -0.00375579 0.0698897
11.56 -0.0202479 -0.00368144 0.0685063
11.57 -0.019847 -0.00360855 0.0671503
11.58 -0.0194541 -0.00353711 0.0658211
11.59 -0.019069 -0.00346708 0.0645182
11.6 -0.0186914 -0.00339844 0.0632411
11.61 -0.0183214 -0.00333116 0.0619892
11.62 -0.0179587 -0.00326521 0.0607622
11.63 -0.0176031 -0.00320057 0.0595594
11.64 -0.0172546 -0.0031372 0.0583804
11.65 -0.016913 -0.00307509 0.0572248
11.66 -0.0165781 -0.00301421 0.056092
11.67 -0.0162499 -0.00295453 0.0549816
11.68 -0.0159282 -0.00289604 0.0538932
11.69 -0.0156128 -0.0028387 0.0528264
11.7 -0.0153037 -0.0027825 0.0517806
11.71 -0.0150007 -0.00272741 0.0507556
11.72 -0.0147037 -0.00267341 0.0497508
11.73 -0.0144126 -0.00262048 0.0487659
11.74 -0.0141273 -0.0025686 0.0478006
11.75 -0.0138476 -0.00251774 0.0468543
11.76 -0.0135734 -0.00246789 0.0459267
11.77 -0.0133047 -0.00241903 0.0450175
11.78 -0.0130412 -0.00237114 0.0441263
11.79 -0.012783 -0.00232419 0.0432528
11.8 -0.0125299 -0.00227817 0.0423965
11.81 -0.0122819 -0.00223307 0.0415572
11.82 -0.0120387 -0.00218885 0.0407345
11.83 -0.0118003 -0.00214552 0.0399281
11.84 -0.0115667 -0.00210304 0.0391376
11.85 -0.0113377 -0.0020614 0.0383628
11.86 -0.0111132 -0.00202058 0.0376033
11.87 -0.0108932 -0.00198058 0.0368589
11.88 -0.0106775 -0.00194136 0.0361291
11.89 -0.0104661 -0.00190293 0.0354139
11.9 -0.0102589 -0.00186525 0.0347128
11.91 -0.0100557 -0.00182832 0.0340255
11.92 -0.00985665 -0.00179212 0.0333519
11.93 -0.00966149 -0.00175663 0.0326916
11.94 -0.0094702 -0.00172185 0.0320444
11.95 -0.00928269 -0.00168776 0.03141
11.96 -0.00909889 -0.00165434 0.0307881
11.97 -0.00891874 -0.00162159 0.0301786
11.98 -0.00874215 -0.00158948 0.0295811
11.99 -0.00856906 -0.00155801 0.0289954
12 -0.00839939 -0.00152716 0.0284214
12.01 -0.00823309 -0.00149692 0.0278587
12.02 -0.00807007 -0.00146729 0.0273071
12.03 -0.00791028 -0.00143823 0.0267665
12.04 -0.00775366 -0.00140976 0.0262365
12.05 -0.00760014 -0.00138184 0.0257171
12.06 -0.00744966 -0.00135448 0.0252079
12.07 -0.00730215 -0.00132766 0.0247088
12.08 -0.00715757 -0.00130138 0.0242196
12.09 -0.00701585 -0.00127561 0.0237401
12.1 -0.00687694 -0.00125035 0.0232701
12.11 -0.00674077 -0.00122559 0.0228094
12.12 -0.0066073 -0.00120133 0.0223578
12.13 -0.00647648 -0.00117754 0.0219151
12.14 -0.00634824 -0.00115423 0.0214812
12.15 -0.00622255 -0.00113137 0.0210559
12.16 -0.00609934 -0.00110897 0.020639
12.17 -0.00597857 -0.00108701 0.0202304
12.18 -0.00586019 -0.00106549 0.0198298
12.19 -0.00574416 -0.00104439 0.0194372
12.2 -0.00563042 -0.00102371 0.0190524
12.21 -0.00551894 -0.00100344 0.0186751
12.22 -0.00540966 -0.000983575 0.0183054
12.23 -0.00530255 -0.0009641 0.017943
12.24 -0.00519756 -0.00094501 0.0175877
12.25 -0.00509464 -0.000926298 0.0172395
12.26 -0.00499377 -0.000907957 0.0168981
12.27 -0.00489489 -0.000889979 0.0165636
12.28 -0.00479797 -0.000872357 0.0162356
12.29 -0.00470296 -0.000855084 0.0159141
12.3 -0.00460984 -0.000838153 0.0155991
12.31 -0.00451857 -0.000821557 0.0152902
12.32 -0.0044291 -0.00080529 0.0149875
12.33 -0.0043414 -0.000789345 0.0146907
12.34 -0.00425543 -0.000773715 0.0143998
12.35 -0.00417117 -0.000758395 0.0141147
12.36 -0.00408858 -0.000743379 0.0138353
12.37 -0.00400763 -0.000728659 0.0135613
12.38 -0.00392827 -0.000714231 0.0132928
12.39 -0.00385049 -0.000700089 0.0130296
12.4 -0.00377425 -0.000686227 0.0127716
12.41 -0.00369952 -0.000672639 0.0125187
12.42 -0.00362626 -0.000659321 0.0122709
12.43 -0.00355446 -0.000646266 0.0120279
12.44 -0.00348408 -0.000633469 0.0117898
12.45 -0.00341509 -0.000620926 0.0115563
12.46 -0.00334747 -0.000608631 0.0113275
12.47 -0.00328119 -0.00059658 0.0111032
12.48 -0.00321622 -0.000584767 0.0108834
12.49 -0.00315254 -0.000573188 0.0106679
12.5 -0.00309011 -0.000561839 0.0104566
12.51 -0.00302893 -0.000550714 0.0102496
12.52 -0.00296895 -0.000539809 0.0100467
12.53 -0.00291016 -0.000529121 0.00984773
12.54 -0.00285254 -0.000518644 0.00965274
12.55 -0.00279606 -0.000508374 0.00946162
12.56 -0.00274069 -0.000498308 0.00927427
12.57 -0.00268642 -0.000488441 0.00909064
12.58 -0.00263323 -0.000478769 0.00891064
12.59 -0.00258109 -0.000469289 0.00873421
12.6 -0.00252998 -0.000459997 0.00856127
12.61 -0.00247989 -0.000450889 0.00839175
12.62 -0.00243078 -0.000441961 0.00822559
12.63 -0.00238265 -0.000433209 0.00806272
12.64 -0.00233547 -0.000424631 0.00790307
12.65 -0.00228923 -0.000416223 0.00774659
12.66 -0.0022439 -0.000407982 0.0075932
12.67 -0.00219947 -0.000399903 0.00744285
12.68 -0.00215592 -0.000391985 0.00729548
12.69 -0.00211323 -0.000384223 0.00715102
12.7 -0.00207138 -0.000376615 0.00700943
12.71 -0.00203037 -0.000369158 0.00687064
12.72 -0.00199017 -0.000361848 0.0067346
12.73 -0.00195076 -0.000354683 0.00660125
12.74 -0.00191213 -0.00034766 0.00647054
12.75 -0.00187427 -0.000340776 0.00634242
12.76 -0.00183716 -0.000334028 0.00621683
12.77 -0.00180078 -0.000327414 0.00609374
12.78 -0.00176512 -0.000320931 0.00597308
12.79 -0.00173017 -0.000314576 0.0058548
12.8 -0.00169591 -0.000308348 0.00573888
12.81 -0.00166233 -0.000302242 0.00562524
12.82 -0.00162941 -0.000296257 0.00551386
12.83 -0.00159715 -0.000290391 0.00540468
12.84 -0.00156553 -0.000284641 0.00529766
12.85 -0.00153453 -0.000279005 0.00519276
12.86 -0.00150414 -0.00027348 0.00508994
12.87 -0.00147436 -0.000268065 0.00498916
12.88 -0.00144516 -0.000262757 0.00489037
12.89 -0.00141655 -0.000257554 0.00479354
12.9 -0.0013885 -0.000252454 0.00469862
12.91 -0.001361 -0.000247455 0.00460558
12.92 -0.00133406 -0.000242556 0.00451439
12.93 -0.00130764 -0.000237753 0.004425
12.94 -0.00128175 -0.000233045 0.00433738
12.95 -0.00125637 -0.00022843 0.0042515
12.96 -0.00123149 -0.000223907 0.00416731
12.97 -0.0012071 -0.000219474 0.0040848
12.98 -0.0011832 -0.000215128 0.00400391
12.99 -0.00115977 -0.000210868 0.00392463
13 -0.00113681 -0.000206693 0.00384692
13.01 -0.0011143 -0.0002026 0.00377075
13.02 -0.00109223 -0.000198588 0.00369609
13.03 -0.00107061 -0.000194656 0.0036229
13.04 -0.00104941 -0.000190801 0.00355116
13.05 -0.00102863 -0.000187023 0.00348085
13.06 -0.00100826 -0.00018332 0.00341192
13.07 -0.000988296 -0.00017969 0.00334436
13.08 -0.000968726 -0.000176132 0.00327814
13.09 -0.000949544 -0.000172644 0.00321323
13.1 -0.000930742 -0.000169226 0.00314961
13.11 -0.000912313 -0.000165875 0.00308724
13.12 -0.000894248 -0.00016259 0.00302611
13.13 -0.000876541 -0.000159371 0.00296619
13.14 -0.000859184 -0.000156215 0.00290746
13.15 -0.000842171 -0.000153122 0.00284989
13.16 -0.000825495 -0.00015009 0.00279345
13.17 -0.000809149 -0.000147118 0.00273814
13.18 -0.000793127 -0.000144205 0.00268392
13.19 -0.000777422 -0.00014135 0.00263078
13.2 -0.000762029 -0.000138551 0.00257869
13.21 -0.000746939 -0.000135807 0.00252763
13.22 -0.000732149 -0.000133118 0.00247758
13.23 -0.000717652 -0.000130482 0.00242852
13.24 -0.000703441 -0.000127898 0.00238043
13.25 -0.000689512 -0.000125366 0.0023333
13.26 -0.000675859 -0.000122883 0.00228709
13.27 -0.000662476 -0.00012045 0.00224181
13.28 -0.000649359 -0.000118065 0.00219742
13.29 -0.0006365 -0.000115727 0.00215391
13.3 -0.000623897 -0.000113436 0.00211126
13.31 -0.000611543 -0.00011119 0.00206945
13.32 -0.000599434 -0.000108988 0.00202847
13.33 -0.000587564 -0.00010683 0.00198831
13.34 -0.00057593 -0.000104714 0.00194894
13.35 -0.000564526 -0.000102641 0.00191034
13.36 -0.000553347 -0.000100609 0.00187252
13.37 -0.00054239 -9.86164e-05 0.00183544
13.38 -0.00053165 -9.66637e-05 0.0017991
13.39 -0.000521123 -9.47496e-05 0.00176347
13.4 -0.000510804 -9.28735e-05 0.00172855
13.41 -0.00050069 -9.10345e-05 0.00169433
13.42 -0.000490775 -8.92319e-05 0.00166078
13.43 -0.000481057 -8.7465e-05 0.00162789
13.44 -0.000471532 -8.57331e-05 0.00159566
13.45 -0.000462195 -8.40354e-05 0.00156406
13.46 -0.000453043 -8.23714e-05 0.00153309
13.47 -0.000444072 -8.07404e-05 0.00150273
13.48 -0.000435279 -7.91416e-05 0.00147298
13.49 -0.00042666 -7.75745e-05 0.00144381
13.5 -0.000418211 -7.60384e-05 0.00141522
13.51 -0.00040993 -7.45328e-05 0.0013872
13.52 -0.000401813 -7.30569e-05 0.00135973
13.53 -0.000393857 -7.16103e-05 0.00133281
13.54 -0.000386058 -7.01923e-05 0.00130642
13.55 -0.000378413 -6.88025e-05 0.00128055
13.56 -0.00037092 -6.74401e-05 0.00125519
13.57 -0.000363576 -6.61047e-05 0.00123034
13.58 -0.000356376 -6.47957e-05 0.00120597
13.59 -0.00034932 -6.35127e-05 0.00118209
13.6 -0.000342403 -6.22551e-05 0.00115869
13.61 -0.000335623 -6.10223e-05 0.00113574
13.62 -0.000328977 -5.9814e-05 0.00111325
13.63 -0.000322463 -5.86296e-05 0.00109121
13.64 -0.000316078 -5.74687e-05 0.0010696
13.65 -0.000309819 -5.63307e-05 0.00104842
13.66 -0.000303684 -5.52153e-05 0.00102766
13.67 -0.000297671 -5.4122e-05 0.00100732
13.68 -0.000291777 -5.30503e-05 0.000987369
13.69 -0.000285999 -5.19998e-05 0.000967818
13.7 -0.000280336 -5.09702e-05 0.000948654
13.71 -0.000274785 -4.99609e-05 0.00092987
13.72 -0.000269344 -4.89716e-05 0.000911457
13.73 -0.00026401 -4.80019e-05 0.000893409
13.74 -0.000258783 -4.70514e-05 0.000875718
13.75 -0.000253658 -4.61197e-05 0.000858378
13.76 -0.000248636 -4.52065e-05 0.000841381
13.77 -0.000243712 -4.43113e-05 0.000824721
13.78 -0.000238887 -4.34339e-05 0.00080839
13.79 -0.000234156 -4.25739e-05 0.000792383
13.8 -0.00022952 -4.17309e-05 0.000776693
13.81 -0.000224975 -4.09045e-05 0.000761314
13.82 -0.00022052 -4.00946e-05 0.000746239
13.83 -0.000216154 -3.93006e-05 0.000731462
13.84 -0.000211873 -3.85224e-05 0.000716978
13.85 -0.000207678 -3.77596e-05 0.000702781
13.86 -0.000203566 -3.7012e-05 0.000688865
13.87 -0.000199535 -3.62791e-05 0.000675225
13.88 -0.000195584 -3.55607e-05 0.000661855
13.89 -0.000191711 -3.48566e-05 0.000648749
13.9 -0.000187915 -3.41663e-05 0.000635903
13.91 -0.000184194 -3.34898e-05 0.000623311
13.92 -0.000180547 -3.28267e-05 0.000610969
13.93 -0.000176972 -3.21767e-05 0.000598871
13.94 -0.000173467 -3.15395e-05 0.000587013
13.95 -0.000170032 -3.0915e-05 0.000575389
13.96 -0.000166666 -3.03028e-05 0.000563996
13.97 -0.000163365 -2.97028e-05 0.000552828
13.98 -0.000160131 -2.91146e-05 0.000541881
13.99 -0.00015696 -2.85381e-05 0.000531151
14 -0.000153852 -2.7973e-05 0.000520634
14.01 -0.000150805 -2.74191e-05 0.000510324
14.02 -0.000147819 -2.68762e-05 0.000500219
14.03 -0.000144892 -2.6344e-05 0.000490314
14.04 -0.000142023 -2.58224e-05 0.000480606
14.05 -0.000139211 -2.53111e-05 0.000471089
14.06 -0.000136454 -2.48099e-05 0.000461761
14.07 -0.000133752 -2.43186e-05 0.000452617
14.08 -0.000131104 -2.38371e-05 0.000443655
14.09 -0.000128508 -2.33651e-05 0.00043487
14.1 -0.000125963 -2.29024e-05 0.000426259
14.11 -0.000123469 -2.24489e-05 0.000417818
14.12 -0.000121024 -2.20044e-05 0.000409545
14.13 -0.000118628 -2.15687e-05 0.000401436
14.14 -0.000116279 -2.11416e-05 0.000393487
14.15 -0.000113976 -2.0723e-05 0.000385695
14.16 -0.000111719 -2.03126e-05 0.000378058
14.17 -0.000109507 -1.99104e-05 0.000370572
14.18 -0.000107339 -1.95161e-05 0.000363234
14.19 -0.000105213 -1.91297e-05 0.000356042
14.2 -0.00010313 -1.87509e-05 0.000348991
14.21 -0.000101088 -1.83796e-05 0.000342081
14.22 -9.90862e-05 -1.80157e-05 0.000335307
14.23 -9.71241e-05 -1.76589e-05 0.000328668
14.24 -9.5201e-05 -1.73093e-05 0.00032216
14.25 -9.33159e-05 -1.69665e-05 0.000315781
14.26 -9.14681e-05 -1.66306e-05 0.000309528
14.27 -8.96569e-05 -1.63013e-05 0.000303399
14.28 -8.78816e-05 -1.59785e-05 0.000297391
14.29 -8.61414e-05 -1.56621e-05 0.000291502
14.3 -8.44357e-05 -1.53519e-05 0.00028573
14.31 -8.27638e-05 -1.5048e-05 0.000280072
14.32 -8.11249e-05 -1.475e-05 0.000274527
14.33 -7.95185e-05 -1.44579e-05 0.000269091
14.34 -7.7944e-05 -1.41716e-05 0.000263762
14.35 -7.64006e-05 -1.3891e-05 0.000258539
14.36 -7.48877e-05 -1.3616e-05 0.00025342
14.37 -7.34049e-05 -1.33463e-05 0.000248402
14.38 -7.19514e-05 -1.30821e-05 0.000243483
14.39 -7.05266e-05 -1.2823e-05 0.000238662
14.4 -6.91301e-05 -1.25691e-05 0.000233936
14.41 -6.77612e-05 -1.23202e-05 0.000229304
14.42 -6.64195e-05 -1.20763e-05 0.000224763
14.43 -6.51043e-05 -1.18371e-05 0.000220313
14.44 -6.38151e-05 -1.16028e-05 0.00021595
14.45 -6.25515e-05 -1.1373e-05 0.000211674
14.46 -6.13129e-05 -1.11478e-05 0.000207483
14.47 -6.00988e-05 -1.09271e-05 0.000203374
14.48 -5.89088e-05 -1.07107e-05 0.000199347
14.49 -5.77423e-05 -1.04986e-05 0.0001954
14.5 -5.65989e-05 -1.02907e-05 0.000191531
14.51 -5.54782e-05 -1.00869e-05 0.000187738
14.52 -5.43797e-05 -9.88721e-06 0.000184021
14.53 -5.33029e-05 -9.69143e-06 0.000180377
14.54 -5.22474e-05 -9.49953e-06 0.000176805
14.55 -5.12128e-05 -9.31143e-06 0.000173304
14.56 -5.01988e-05 -9.12705e-06 0.000169873
14.57 -4.92048e-05 -8.94632e-06 0.000166509
14.58 -4.82304e-05 -8.76917e-06 0.000163212
14.59 -4.72754e-05 -8.59553e-06 0.00015998
14.6 -4.63393e-05 -8.42533e-06 0.000156812
14.61 -4.54217e-05 -8.2585e-06 0.000153707
14.62 -4.45223e-05 -8.09497e-06 0.000150663
14.63 -4.36407e-05 -7.93468e-06 0.00014768
14.64 -4.27766e-05 -7.77756e-06 0.000144756
14.65 -4.19295e-05 -7.62355e-06 0.00014189
14.66 -4.10993e-05 -7.4726e-06 0.00013908
14.67 -4.02855e-05 -7.32463e-06 0.000136326
14.68 -3.94878e-05 -7.17959e-06 0.000133627
14.69 -3.87058e-05 -7.03743e-06 0.000130981
14.7 -3.79394e-05 -6.89808e-06 0.000128387
14.71 -3.71882e-05 -6.76148e-06 0.000125845
14.72 -3.64518e-05 -6.6276e-06 0.000123353
14.73 -3.573e-05 -6.49636e-06 0.00012091
14.74 -3.50225e-05 -6.36773e-06 0.000118516
14.75 -3.4329e-05 -6.24164e-06 0.000116169
14.76 -3.36492e-05 -6.11804e-06 0.000113869
14.77 -3.29829e-05 -5.9969e-06 0.000111614
14.78 -3.23298e-05 -5.87815e-06 0.000109404
14.79 -3.16897e-05 -5.76176e-06 0.000107238
14.8 -3.10622e-05 -5.64767e-06 0.000105114
14.81 -3.04471e-05 -5.53584e-06 0.000103033
14.82 -2.98442e-05 -5.42622e-06 0.000100993
14.83 -2.92532e-05 -5.31877e-06 9.8993e-05
14.84 -2.8674e-05 -5.21345e-06 9.70328e-05
14.85 -2.81062e-05 -5.11022e-06 9.51114e-05
14.86 -2.75497e-05 -5.00903e-06 9.32281e-05
14.87 -2.70042e-05 -4.90985e-06 9.1382e-05
14.88 -2.64694e-05 -4.81262e-06 8.95725e-05
14.89 -2.59453e-05 -4.71733e-06 8.77989e-05
14.9 -2.54316e-05 -4.62392e-06 8.60604e-05
14.91 -2.4928e-05 -4.53236e-06 8.43563e-05
14.92 -2.44344e-05 -4.44261e-06 8.26859e-05
14.93 -2.39505e-05 -4.35464e-06 8.10486e-05
14.94 -2.34763e-05 -4.26842e-06 7.94437e-05
14.95 -2.30114e-05 -4.18389e-06 7.78706e-05
14.96 -2.25558e-05 -4.10105e-06 7.63287e-05
14.97 -2.21091e-05 -4.01984e-06 7.48173e-05
14.98 -2.16713e-05 -3.94024e-06 7.33358e-05
14.99 -2.12422e-05 -3.86222e-06 7.18837e-05
15 -2.08216e-05 -3.78574e-06 7.04603e-05
15.01 -2.04093e-05 -3.71078e-06 6.90651e-05
15.02 -2.00052e-05 -3.6373e-06 6.76975e-05
15.03 -1.9609e-05 -3.56528e-06 6.6357e-05
15.04 -1.92208e-05 -3.49468e-06 6.5043e-05
15.05 -1.88402e-05 -3.42548e-06 6.37551e-05
15.06 -1.84671e-05 -3.35765e-06 6.24927e-05
15.07 -1.81014e-05 -3.29117e-06 6.12552e-05
15.08 -1.7743e-05 -3.226e-06 6.00423e-05
15.09 -1.73917e-05 -3.16212e-06 5.88534e-05
15.1 -1.70473e-05 -3.09951e-06 5.7688e-05
15.11 -1.67097e-05 -3.03813e-06 5.65457e-05
15.12 -1.63788e-05 -2.97797e-06 5.5426e-05
15.13 -1.60545e-05 -2.919e-06 5.43285e-05
15.14 -1.57366e-05 -2.8612e-06 5.32527e-05
15.15 -1.5425e-05 -2.80455e-06 5.21983e-05
15.16 -1.51196e-05 -2.74902e-06 5.11647e-05
15.17 -1.48202e-05 -2.69458e-06 5.01515e-05
15.18 -1.45267e-05 -2.64122e-06 4.91585e-05
15.19 -1.42391e-05 -2.58892e-06 4.81851e-05
15.2 -1.39571e-05 -2.53766e-06 4.72309e-05
15.21 -1.36808e-05 -2.48741e-06 4.62957e-05
15.22 -1.34099e-05 -2.43816e-06 4.5379e-05
15.23 -1.31443e-05 -2.38988e-06 4.44804e-05
15.24 -1.28841e-05 -2.34256e-06 4.35997e-05
15.25 -1.26289e-05 -2.29617e-06 4.27363e-05
15.26 -1.23789e-05 -2.2507e-06 4.18901e-05
15.27 -1.21337e-05 -2.20614e-06 4.10606e-05
15.28 -1.18935e-05 -2.16245e-06 4.02476e-05
15.29 -1.1658e-05 -2.11963e-06 3.94506e-05
15.3 -1.14271e-05 -2.07766e-06 3.86694e-05
15.31 -1.12009e-05 -2.03652e-06 3.79037e-05
15.32 -1.09791e-05 -1.99619e-06 3.71532e-05
15.33 -1.07617e-05 -1.95667e-06 3.64175e-05
15.34 -1.05486e-05 -1.91792e-06 3.56964e-05
15.35 -1.03397e-05 -1.87995e-06 3.49895e-05
15.36 -1.0135e-05 -1.84272e-06 3.42967e-05
15.37 -9.93427e-06 -1.80623e-06 3.36176e-05
15.38 -9.73756e-06 -1.77047e-06 3.29519e-05
15.39 -9.54475e-06 -1.73541e-06 3.22994e-05
15.4 -9.35575e-06 -1.70104e-06 3.16598e-05
15.41 -9.17049e-06 -1.66736e-06 3.10329e-05
15.42 -8.9889e-06 -1.63435e-06 3.04184e-05
15.43 -8.81091e-06 -1.60198e-06 2.98161e-05
15.44 -8.63644e-06 -1.57026e-06 2.92257e-05
15.45 -8.46543e-06 -1.53917e-06 2.8647e-05
15.46 -8.2978e-06 -1.50869e-06 2.80798e-05
15.47 -8.1335e-06 -1.47882e-06 2.75237e-05
15.48 -7.97244e-06 -1.44953e-06 2.69787e-05
15.49 -7.81458e-06 -1.42083e-06 2.64445e-05
15.5 -7.65984e-06 -1.3927e-06 2.59209e-05
15.51 -7.50816e-06 -1.36512e-06 2.54076e-05
15.52 -7.35949e-06 -1.33809e-06 2.49045e-05
15.53 -7.21376e-06 -1.31159e-06 2.44114e-05
15.54 -7.07092e-06 -1.28562e-06 2.3928e-05
15.55 -6.93091e-06 -1.26017e-06 2.34542e-05
15.56 -6.79367e-06 -1.23521e-06 2.29898e-05
15.57 -6.65914e-06 -1.21075e-06 2.25345e-05
15.58 -6.52728e-06 -1.18678e-06 2.20883e-05
15.59 -6.39803e-06 -1.16328e-06 2.16509e-05
15.6 -6.27135e-06 -1.14024e-06 2.12222e-05
15.61 -6.14716e-06 -1.11767e-06 2.0802e-05
15.62 -6.02544e-06 -1.09553e-06 2.03901e-05
15.63 -5.90613e-06 -1.07384e-06 1.99863e-05
15.64 -5.78918e-06 -1.05258e-06 1.95906e-05
15.65 -5.67455e-06 -1.03174e-06 1.92027e-05
15.66 -5.56218e-06 -1.01131e-06 1.88224e-05
15.67 -5.45205e-06 -9.91281e-07 1.84497e-05
15.68 -5.34409e-06 -9.71652e-07 1.80844e-05
15.69 -5.23827e-06 -9.52412e-07 1.77263e-05
15.7 -5.13454e-06 -9.33553e-07 1.73753e-05
15.71 -5.03287e-06 -9.15068e-07 1.70312e-05
15.72 -4.93321e-06 -8.96948e-07 1.6694e-05
15.73 -4.83553e-06 -8.79187e-07 1.63634e-05
15.74 -4.73978e-06 -8.61778e-07 1.60394e-05
15.75 -4.64593e-06 -8.44714e-07 1.57218e-05
15.76 -4.55393e-06 -8.27988e-07 1.54105e-05
15.77 -4.46376e-06 -8.11592e-07 1.51054e-05
15.78 -4.37537e-06 -7.95522e-07 1.48062e-05
15.79 -4.28873e-06 -7.79769e-07 1.45131e-05
15.8 -4.20381e-06 -7.64329e-07 1.42257e-05
15.81 -4.12057e-06 -7.49194e-07 1.3944e-05
15.82 -4.03897e-06 -7.34359e-07 1.36679e-05
15.83 -3.959e-06 -7.19818e-07 1.33972e-05
15.84 -3.8806e-06 -7.05564e-07 1.3132e-05
15.85 -3.80376e-06 -6.91593e-07 1.28719e-05
15.86 -3.72844e-06 -6.77899e-07 1.26171e-05
15.87 -3.65462e-06 -6.64476e-07 1.23672e-05
15.88 -3.58225e-06 -6.51318e-07 1.21223e-05
15.89 -3.51132e-06 -6.38421e-07 1.18823e-05
15.9 -3.44179e-06 -6.2578e-07 1.1647e-05
15.91 -3.37364e-06 -6.13388e-07 1.14164e-05
15.92 -3.30683e-06 -6.01242e-07 1.11903e-05
15.93 -3.24135e-06 -5.89337e-07 1.09687e-05
15.94 -3.17717e-06 -5.77667e-07 1.07515e-05
15.95 -3.11426e-06 -5.66229e-07 1.05386e-05
15.96 -3.05259e-06 -5.55017e-07 1.033e-05
15.97 -2.99215e-06 -5.44027e-07 1.01254e-05
15.98 -2.9329e-06 -5.33254e-07 9.92493e-06
15.99 -2.87482e-06 -5.22695e-07 9.7284e-06
16 -2.8179e-06 -5.12345e-07 9.53576e-06
16.01 -2.7621e-06 -5.022e-07 9.34694e-06
16.02 -2.70741e-06 -4.92256e-07 9.16186e-06
16.03 -2.6538e-06 -4.82508e-07 8.98044e-06
16.04 -2.60125e-06 -4.72954e-07 8.80262e-06
16.05 -2.54974e-06 -4.63589e-07 8.62832e-06
16.06 -2.49925e-06 -4.54409e-07 8.45746e-06
16.07 -2.44976e-06 -4.45411e-07 8.28999e-06
16.08 -2.40125e-06 -4.36592e-07 8.12584e-06
16.09 -2.35371e-06 -4.27946e-07 7.96494e-06
16.1 -2.3071e-06 -4.19473e-07 7.80722e-06
16.11 -2.26142e-06 -4.11166e-07 7.65263e-06
16.12 -2.21664e-06 -4.03025e-07 7.5011e-06
16.13 -2.17274e-06 -3.95044e-07 7.35257e-06
16.14 -2.12972e-06 -3.87222e-07 7.20698e-06
16.15 -2.08755e-06 -3.79554e-07 7.06427e-06
16.16 -2.04621e-06 -3.72039e-07 6.92439e-06
16.17 -2.0057e-06 -3.64672e-07 6.78727e-06
16.18 -1.96598e-06 -3.57451e-07 6.65288e-06
16.19 -1.92705e-06 -3.50373e-07 6.52114e-06
16.2 -1.88889e-06 -3.43435e-07 6.39201e-06
16.21 -1.85149e-06 -3.36635e-07 6.26544e-06
16.22 -1.81483e-06 -3.29969e-07 6.14138e-06
16.23 -1.77889e-06 -3.23435e-07 6.01977e-06
16.24 -1.74367e-06 -3.17031e-07 5.90057e-06
16.25 -1.70914e-06 -3.10753e-07 5.78373e-06
16.26 -1.6753e-06 -3.046e-07 5.66921e-06
16.27 -1.64212e-06 -2.98568e-07 5.55695e-06
16.28 -1.60961e-06 -2.92656e-07 5.44691e-06
16.29 -1.57774e-06 -2.86861e-07 5.33906e-06
16.3 -1.54649e-06 -2.81181e-07 5.23334e-06
16.31 -1.51587e-06 -2.75613e-07 5.12971e-06
16.32 -1.48586e-06 -2.70156e-07 5.02814e-06
16.33 -1.45643e-06 -2.64806e-07 4.92857e-06
16.34 -1.42759e-06 -2.59563e-07 4.83098e-06
16.35 -1.39933e-06 -2.54423e-07 4.73532e-06
16.36 -1.37162e-06 -2.49385e-07 4.64155e-06
16.37 -1.34446e-06 -2.44447e-07 4.54965e-06
16.38 -1.31784e-06 -2.39607e-07 4.45956e-06
16.39 -1.29174e-06 -2.34862e-07 4.37125e-06
16.4 -1.26616e-06 -2.30211e-07 4.28469e-06
16.41 -1.24109e-06 -2.25653e-07 4.19985e-06
16.42 -1.21652e-06 -2.21185e-07 4.11669e-06
16.43 -1.19243e-06 -2.16805e-07 4.03517e-06
16.44 -1.16882e-06 -2.12512e-07 3.95527e-06
16.45 -1.14567e-06 -2.08304e-07 3.87695e-06
16.46 -1.12299e-06 -2.04179e-07 3.80018e-06
16.47 -1.10075e-06 -2.00136e-07 3.72493e-06
16.48 -1.07895e-06 -1.96173e-07 3.65118e-06
16.49 -1.05759e-06 -1.92289e-07 3.57888e-06
16.5 -1.03665e-06 -1.88481e-07 3.50801e-06
16.51 -1.01612e-06 -1.84749e-07 3.43855e-06
16.52 -9.95999e-07 -1.81091e-07 3.37046e-06
16.53 -9.76277e-07 -1.77505e-07 3.30372e-06
16.54 -9.56945e-07 -1.7399e-07 3.2383e-06
16.55 -9.37996e-07 -1.70545e-07 3.17418e-06
16.56 -9.19423e-07 -1.67168e-07 3.11133e-06
16.57 -9.01217e-07 -1.63858e-07 3.04972e-06
16.58 -8.83372e-07 -1.60613e-07 2.98933e-06
16.59 -8.6588e-07 -1.57433e-07 2.93014e-06
16.6 -8.48734e-07 -1.54315e-07 2.87212e-06
16.61 -8.31928e-07 -1.5126e-07 2.81525e-06
16.62 -8.15455e-07 -1.48265e-07 2.7595e-06
16.63 -7.99308e-07 -1.45329e-07 2.70486e-06
16.64 -7.83481e-07 -1.42451e-07 2.6513e-06
16.65 -7.67967e-07 -1.3963e-07 2.5988e-06
16.66 -7.5276e-07 -1.36865e-07 2.54734e-06
16.67 -7.37854e-07 -1.34155e-07 2.4969e-06
16.68 -7.23244e-07 -1.31499e-07 2.44746e-06
16.69 -7.08922e-07 -1.28895e-07 2.39899e-06
16.7 -6.94885e-07 -1.26343e-07 2.35149e-06
16.71 -6.81125e-07 -1.23841e-07 2.30493e-06
16.72 -6.67638e-07 -1.21389e-07 2.25929e-06
16.73 -6.54418e-07 -1.18985e-07 2.21455e-06
16.74 -6.4146e-07 -1.16629e-07 2.1707e-06
16.75 -6.28758e-07 -1.1432e-07 2.12772e-06
16.76 -6.16308e-07 -1.12056e-07 2.08558e-06
16.77 -6.04104e-07 -1.09837e-07 2.04429e-06
16.78 -5.92142e-07 -1.07662e-07 2.00381e-06
16.79 -5.80417e-07 -1.0553e-07 1.96413e-06
16.8 -5.68924e-07 -1.03441e-07 1.92524e-06
16.81 -5.57658e-07 -1.01392e-07 1.88712e-06
16.82 -5.46616e-07 -9.93847e-08 1.84975e-06
16.83 -5.35792e-07 -9.74167e-08 1.81312e-06
16.84 -5.25183e-07 -9.54878e-08 1.77722e-06
16.85 -5.14783e-07 -9.3597e-08 1.74203e-06
16.86 -5.0459e-07 -9.17436e-08 1.70753e-06
16.87 -4.94598e-07 -8.9927e-08 1.67372e-06
16.88 -4.84805e-07 -8.81463e-08 1.64058e-06
16.89 -4.75205e-07 -8.64009e-08 1.60809e-06
16.9 -4.65795e-07 -8.469e-08 1.57625e-06
16.91 -4.56572e-07 -8.30131e-08 1.54504e-06
16.92 -4.47531e-07 -8.13693e-08 1.51445e-06
16.93 -4.38669e-07 -7.97581e-08 1.48446e-06
16.94 -4.29983e-07 -7.81788e-08 1.45506e-06
16.95 -4.21469e-07 -7.66307e-08 1.42625e-06
16.96 -4.13123e-07 -7.51133e-08 1.39801e-06
16.97 -4.04943e-07 -7.3626e-08 1.37033e-06
16.98 -3.96925e-07 -7.21681e-08 1.34319e-06
16.99 -3.89065e-07 -7.07391e-08 1.3166e-06
17 -3.81361e-07 -6.93383e-08 1.29053e-06
17.01 -3.73809e-07 -6.79654e-08 1.26497e-06
17.02 -3.66408e-07 -6.66196e-08 1.23992e-06
17.03 -3.59152e-07 -6.53004e-08 1.21537e-06
17.04 -3.5204e-07 -6.40074e-08 1.19131e-06
17.05 -3.4507e-07 -6.27399e-08 1.16772e-06
17.06 -3.38237e-07 -6.14976e-08 1.14459e-06
17.07 -3.31539e-07 -6.02799e-08 1.12193e-06
17.08 -3.24974e-07 -5.90862e-08 1.09971e-06
17.09 -3.18539e-07 -5.79163e-08 1.07794e-06
17.1 -3.12232e-07 -5.67694e-08 1.05659e-06
17.11 -3.06049e-07 -5.56453e-08 1.03567e-06
17.12 -2.99989e-07 -5.45435e-08 1.01516e-06
17.13 -2.94049e-07 -5.34634e-08 9.95062e-07
17.14 -2.88226e-07 -5.24048e-08 9.75358e-07
17.15 -2.82519e-07 -5.13671e-08 9.56045e-07
17.16 -2.76925e-07 -5.035e-08 9.37114e-07
17.17 -2.71441e-07 -4.9353e-08 9.18558e-07
17.18 -2.66066e-07 -4.83757e-08 9.00369e-07
17.19 -2.60798e-07 -4.74178e-08 8.8254e-07
17.2 -2.55634e-07 -4.64789e-08 8.65065e-07
17.21 -2.50572e-07 -4.55585e-08 8.47936e-07
17.22 -2.4561e-07 -4.46564e-08 8.31145e-07
17.23 -2.40747e-07 -4.37722e-08 8.14688e-07
17.24 -2.3598e-07 -4.29054e-08 7.98556e-07
17.25 -2.31307e-07 -4.20558e-08 7.82743e-07
17.26 -2.26727e-07 -4.12231e-08 7.67244e-07
17.27 -2.22237e-07 -4.04068e-08 7.52051e-07
17.28 -2.17837e-07 -3.96067e-08 7.3716e-07
17.29 -2.13523e-07 -3.88224e-08 7.22563e-07
17.3 -2.09295e-07 -3.80537e-08 7.08255e-07
17.31 -2.05151e-07 -3.73002e-08 6.94231e-07
17.32 -2.01089e-07 -3.65616e-08 6.80484e-07
17.33 -1.97107e-07 -3.58376e-08 6.6701e-07
17.34 -1.93204e-07 -3.5128e-08 6.53802e-07
17.35 -1.89378e-07 -3.44324e-08 6.40856e-07
17.36 -1.85628e-07 -3.37506e-08 6.28166e-07
17.37 -1.81953e-07 -3.30823e-08 6.15728e-07
17.38 -1.7835e-07 -3.24272e-08 6.03535e-07
17.39 -1.74818e-07 -3.17851e-08 5.91585e-07
17.4 -1.71357e-07 -3.11557e-08 5.7987e-07
17.41 -1.67963e-07 -3.05388e-08 5.68388e-07
17.42 -1.64638e-07 -2.99341e-08 5.57133e-07
17.43 -1.61377e-07 -2.93414e-08 5.46101e-07
17.44 -1.58182e-07 -2.87604e-08 5.35288e-07
17.45 -1.5505e-07 -2.81909e-08 5.24688e-07
17.46 -1.5198e-07 -2.76327e-08 5.14299e-07
17.47 -1.4897e-07 -2.70855e-08 5.04115e-07
17.48 -1.4602e-07 -2.65492e-08 4.94133e-07
17.49 -1.43129e-07 -2.60235e-08 4.84348e-07
17.5 -1.40295e-07 -2.55082e-08 4.74758e-07
17.51 -1.37517e-07 -2.50031e-08 4.65357e-07
17.52 -1.34794e-07 -2.4508e-08 4.56142e-07
17.53 -1.32125e-07 -2.40227e-08 4.4711e-07
17.54 -1.29508e-07 -2.3547e-08 4.38257e-07
17.55 -1.26944e-07 -2.30807e-08 4.29579e-07
17.56 -1.2443e-07 -2.26237e-08 4.21072e-07
17.57 -1.21966e-07 -2.21757e-08 4.12735e-07
17.58 -1.19551e-07 -2.17366e-08 4.04562e-07
17.59 -1.17184e-07 -2.13062e-08 3.96551e-07
17.6 -1.14864e-07 -2.08843e-08 3.88699e-07
17.61 -1.12589e-07 -2.04708e-08 3.81002e-07
17.62 -1.1036e-07 -2.00654e-08 3.73458e-07
17.63 -1.08175e-07 -1.96681e-08 3.66063e-07
17.64 -1.06033e-07 -1.92786e-08 3.58814e-07
17.65 -1.03933e-07 -1.88969e-08 3.51709e-07
17.66 -1.01875e-07 -1.85227e-08 3.44745e-07
17.67 -9.98577e-08 -1.81559e-08 3.37918e-07
17.68 -9.78804e-08 -1.77964e-08 3.31227e-07
17.69 -9.59422e-08 -1.7444e-08 3.24668e-07
17.7 -9.40424e-08 -1.70986e-08 3.1824e-07
17.71 -9.21803e-08 -1.67601e-08 3.11938e-07
17.72 -9.0355e-08 -1.64282e-08 3.05761e-07
17.73 -8.85658e-08 -1.61029e-08 2.99707e-07
17.74 -8.68121e-08 -1.5784e-08 2.93772e-07
17.75 -8.50931e-08 -1.54715e-08 2.87955e-07
17.76 -8.34082e-08 -1.51651e-08 2.82253e-07
17.77 -8.17566e-08 -1.48648e-08 2.76664e-07
17.78 -8.01377e-08 -1.45705e-08 2.71186e-07
17.79 -7.85509e-08 -1.4282e-08 2.65816e-07
17.8 -7.69954e-08 -1.39992e-08 2.60553e-07
17.81 -7.54708e-08 -1.3722e-08 2.55393e-07
17.82 -7.39764e-08 -1.34503e-08 2.50336e-07
17.83 -7.25116e-08 -1.31839e-08 2.45379e-07
17.84 -7.10757e-08 -1.29229e-08 2.4052e-07
17.85 -6.96684e-08 -1.2667e-08 2.35758e-07
17.86 -6.82888e-08 -1.24162e-08 2.31089e-07
17.87 -6.69366e-08 -1.21703e-08 2.26514e-07
17.88 -6.56112e-08 -1.19293e-08 2.22028e-07
17.89 -6.4312e-08 -1.16931e-08 2.17632e-07
17.9 -6.30385e-08 -1.14616e-08 2.13322e-07
17.91 -6.17903e-08 -1.12346e-08 2.09098e-07
17.92 -6.05668e-08 -1.10121e-08 2.04958e-07
17.93 -5.93675e-08 -1.07941e-08 2.00899e-07
17.94 -5.81919e-08 -1.05803e-08 1.96921e-07
17.95 -5.70396e-08 -1.03708e-08 1.93022e-07
17.96 -5.59102e-08 -1.01655e-08 1.892e-07
17.97 -5.48031e-08 -9.96419e-09 1.85454e-07
17.98 -5.37179e-08 -9.76689e-09 1.81781e-07
17.99 -5.26542e-08 -9.57349e-09 1.78182e-07
18 -5.16116e-08 -9.38392e-09 1.74654e-07
18.01 -5.05896e-08 -9.19811e-09 1.71195e-07
18.02 -4.95879e-08 -9.01598e-09 1.67805e-07
18.03 -4.8606e-08 -8.83745e-09 1.64483e-07
18.04 -4.76435e-08 -8.66245e-09 1.61226e-07
18.05 -4.67001e-08 -8.49093e-09 1.58033e-07
18.06 -4.57754e-08 -8.32279e-09 1.54904e-07
18.07 -4.4869e-08 -8.15799e-09 1.51837e-07
18.08 -4.39805e-08 -7.99645e-09 1.4883e-07
18.09 -4.31096e-08 -7.83811e-09 1.45883e-07
18.1 -4.2256e-08 -7.68291e-09 1.42994e-07
18.11 -4.14193e-08 -7.53078e-09 1.40163e-07
18.12 -4.05991e-08 -7.38166e-09 1.37387e-07
18.13 -3.97952e-08 -7.23549e-09 1.34667e-07
18.14 -3.90072e-08 -7.09222e-09 1.32e-07
18.15 -3.82348e-08 -6.95178e-09 1.29387e-07
18.16 -3.74777e-08 -6.81413e-09 1.26825e-07
18.17 -3.67356e-08 -6.6792e-09 1.24313e-07
18.18 -3.60082e-08 -6.54694e-09 1.21852e-07
18.19 -3.52952e-08 -6.4173e-09 1.19439e-07
18.2 -3.45963e-08 -6.29023e-09 1.17074e-07
18.21 -3.39112e-08 -6.16568e-09 1.14756e-07
18.22 -3.32397e-08 -6.04359e-09 1.12483e-07
18.23 -3.25816e-08 -5.92392e-09 1.10256e-07
18.24 -3.19364e-08 -5.80662e-09 1.08073e-07
18.25 -3.1304e-08 -5.69164e-09 1.05933e-07
18.26 -3.06841e-08 -5.57894e-09 1.03835e-07
18.27 -3.00766e-08 -5.46847e-09 1.01779e-07
18.28 -2.9481e-08 -5.36018e-09 9.97637e-08
18.29 -2.88972e-08 -5.25404e-09 9.77883e-08
18.3 -2.8325e-08 -5.15001e-09 9.58519e-08
18.31 -2.77642e-08 -5.04803e-09 9.39539e-08
18.32 -2.72144e-08 -4.94807e-09 9.20935e-08
18.33 -2.66755e-08 -4.85009e-09 9.027e-08
18.34 -2.61473e-08 -4.75406e-09 8.84825e-08
18.35 -2.56296e-08 -4.65992e-09 8.67304e-08
18.36 -2.51221e-08 -4.56765e-09 8.5013e-08
18.37 -2.46246e-08 -4.4772e-09 8.33297e-08
18.38 -2.4137e-08 -4.38855e-09 8.16796e-08
18.39 -2.36591e-08 -4.30165e-09 8.00623e-08
18.4 -2.31906e-08 -4.21647e-09 7.84769e-08
18.41 -2.27314e-08 -4.13298e-09 7.6923e-08
18.42 -2.22813e-08 -4.05114e-09 7.53998e-08
18.43 -2.18401e-08 -3.97092e-09 7.39068e-08
18.44 -2.14076e-08 -3.89229e-09 7.24433e-08
18.45 -2.09837e-08 -3.81522e-09 7.10089e-08
18.46 -2.05682e-08 -3.73967e-09 6.96028e-08
18.47 -2.01609e-08 -3.66562e-09 6.82246e-08
18.48 -1.97617e-08 -3.59304e-09 6.68736e-08
18.49 -1.93704e-08 -3.52189e-09 6.55494e-08
18.5 -1.89868e-08 -3.45215e-09 6.42515e-08
18.51 -1.86109e-08 -3.3838e-09 6.29792e-08
18.52 -1.82424e-08 -3.31679e-09 6.17321e-08
18.53 -1.78811e-08 -3.25112e-09 6.05098e-08
18.54 -1.75271e-08 -3.18674e-09 5.93116e-08
18.55 -1.718e-08 -3.12364e-09 5.81371e-08
18.56 -1.68398e-08 -3.06179e-09 5.69859e-08
18.57 -1.65064e-08 -3.00116e-09 5.58575e-08
18.58 -1.61795e-08 -2.94173e-09 5.47515e-08
18.59 -1.58591e-08 -2.88348e-09 5.36673e-08
18.6 -1.55451e-08 -2.82638e-09 5.26047e-08
18.61 -1.52373e-08 -2.77042e-09 5.1563e-08
18.62 -1.49356e-08 -2.71556e-09 5.0542e-08
18.63 -1.46398e-08 -2.66179e-09 4.95412e-08
18.64 -1.43499e-08 -2.60908e-09 4.85602e-08
18.65 -1.40658e-08 -2.55742e-09 4.75987e-08
18.66 -1.37873e-08 -2.50678e-09 4.66561e-08
18.67 -1.35143e-08 -2.45714e-09 4.57323e-08
18.68 -1.32467e-08 -2.40849e-09 4.48267e-08
18.69 -1.29844e-08 -2.36079e-09 4.39391e-08
18.7 -1.27273e-08 -2.31405e-09 4.30691e-08
18.71 -1.24752e-08 -2.26823e-09 4.22162e-08
18.72 -1.22282e-08 -2.22331e-09 4.13803e-08
18.73 -1.19861e-08 -2.17929e-09 4.05609e-08
18.74 -1.17487e-08 -2.13613e-09 3.97577e-08
18.75 -1.15161e-08 -2.09384e-09 3.89705e-08
18.76 -1.12881e-08 -2.05238e-09 3.81988e-08
18.77 -1.10645e-08 -2.01174e-09 3.74424e-08
18.78 -1.08455e-08 -1.9719e-09 3.6701e-08
18.79 -1.06307e-08 -1.93285e-09 3.59743e-08
18.8 -1.04202e-08 -1.89458e-09 3.5262e-08
18.81 -1.02139e-08 -1.85707e-09 3.45637e-08
18.82 -1.00116e-08 -1.82029e-09 3.38793e-08
18.83 -9.81337e-09 -1.78425e-09 3.32085e-08
18.84 -9.61906e-09 -1.74892e-09 3.25509e-08
18.85 -9.42859e-09 -1.71429e-09 3.19063e-08
18.86 -9.24189e-09 -1.68034e-09 3.12745e-08
18.87 -9.05889e-09 -1.64707e-09 3.06553e-08
18.88 -8.87951e-09 -1.61446e-09 3.00483e-08
18.89 -8.70368e-09 -1.58249e-09 2.94533e-08
18.9 -8.53134e-09 -1.55115e-09 2.887e-08
18.91 -8.36241e-09 -1.52044e-09 2.82984e-08
18.92 -8.19682e-09 -1.49033e-09 2.7738e-08
18.93 -8.03451e-09 -1.46082e-09 2.71888e-08
18.94 -7.87542e-09 -1.43189e-09 2.66504e-08
18.95 -7.71947e-09 -1.40354e-09 2.61227e-08
18.96 -7.56662e-09 -1.37575e-09 2.56054e-08
18.97 -7.41679e-09 -1.34851e-09 2.50984e-08
18.98 -7.26993e-09 -1.3218e-09 2.46014e-08
18.99 -7.12597e-09 -1.29563e-09 2.41143e-08
19 -6.98487e-09 -1.26998e-09 2.36368e-08
19.01 -6.84656e-09 -1.24483e-09 2.31688e-08
19.02 -6.71099e-09 -1.22018e-09 2.271e-08
19.03 -6.5781e-09 -1.19602e-09 2.22603e-08
19.04 -6.44785e-09 -1.17234e-09 2.18195e-08
19.05 -6.32017e-09 -1.14912e-09 2.13875e-08
19.06 -6.19502e-09 -1.12637e-09 2.0964e-08
19.07 -6.07235e-09 -1.10406e-09 2.05488e-08
19.08 -5.95211e-09 -1.0822e-09 2.01419e-08
19.09 -5.83425e-09 -1.06077e-09 1.97431e-08
19.1 -5.71873e-09 -1.03977e-09 1.93522e-08
19.11 -5.60549e-09 -1.01918e-09 1.8969e-08
19.12 -5.49449e-09 -9.98999e-10 1.85934e-08
19.13 -5.38569e-09 -9.79217e-10 1.82252e-08
19.14 -5.27905e-09 -9.59827e-10 1.78643e-08
19.15 -5.17452e-09 -9.40821e-10 1.75106e-08
19.16 -5.07206e-09 -9.22192e-10 1.71638e-08
19.17 -4.97162e-09 -9.03931e-10 1.6824e-08
19.18 -4.87318e-09 -8.86032e-10 1.64908e-08
19.19 -4.77668e-09 -8.68488e-10 1.61643e-08
19.2 -4.6821e-09 -8.5129e-10 1.58442e-08
19.21 -4.58939e-09 -8.34434e-10 1.55305e-08
19.22 -4.49851e-09 -8.17911e-10 1.5223e-08
19.23 -4.40943e-09 -8.01715e-10 1.49215e-08
19.24 -4.32212e-09 -7.8584e-10 1.46261e-08
19.25 -4.23654e-09 -7.70279e-10 1.43364e-08
19.26 -4.15265e-09 -7.55027e-10 1.40526e-08
19.27 -4.07042e-09 -7.40076e-10 1.37743e-08
19.28 -3.98982e-09 -7.25422e-10 1.35016e-08
19.29 -3.91082e-09 -7.11058e-10 1.32342e-08
19.3 -3.83338e-09 -6.96978e-10 1.29721e-08
19.31 -3.75747e-09 -6.83177e-10 1.27153e-08
19.32 -3.68307e-09 -6.69649e-10 1.24635e-08
19.33 -3.61014e-09 -6.56389e-10 1.22167e-08
19.34 -3.53865e-09 -6.43391e-10 1.19748e-08
19.35 -3.46858e-09 -6.30651e-10 1.17377e-08
19.36 -3.3999e-09 -6.18164e-10 1.15053e-08
19.37 -3.33258e-09 -6.05923e-10 1.12774e-08
19.38 -3.26659e-09 -5.93925e-10 1.10541e-08
19.39 -3.20191e-09 -5.82165e-10 1.08352e-08
19.4 -3.1385e-09 -5.70637e-10 1.06207e-08
19.41 -3.07636e-09 -5.59338e-10 1.04104e-08
19.42 -3.01544e-09 -5.48262e-10 1.02043e-08
19.43 -2.95573e-09 -5.37406e-10 1.00022e-08
19.44 -2.8972e-09 -5.26764e-10 9.80414e-09
19.45 -2.83984e-09 -5.16334e-10 9.61e-09
19.46 -2.7836e-09 -5.0611e-10 9.41971e-09
19.47 -2.72848e-09 -4.96088e-10 9.23319e-09
19.48 -2.67446e-09 -4.86265e-10 9.05036e-09
19.49 -2.6215e-09 -4.76636e-10 8.87115e-09
19.5 -2.56959e-09 -4.67198e-10 8.69549e-09
19.51 -2.51871e-09 -4.57947e-10 8.52331e-09
19.52 -2.46883e-09 -4.48879e-10 8.35454e-09
19.53 -2.41995e-09 -4.39991e-10 8.18911e-09
19.54 -2.37203e-09 -4.31278e-10 8.02695e-09
19.55 -2.32506e-09 -4.22738e-10 7.86801e-09
19.56 -2.27902e-09 -4.14368e-10 7.71221e-09
19.57 -2.23389e-09 -4.06163e-10 7.5595e-09
19.58 -2.18966e-09 -3.9812e-10 7.40981e-09
19.59 -2.1463e-09 -3.90237e-10 7.26308e-09
19.6 -2.1038e-09 -3.82509e-10 7.11927e-09
19.61 -2.06214e-09 -3.74935e-10 6.9783e-09
19.62 -2.02131e-09 -3.67511e-10 6.84012e-09
19.63 -1.98129e-09 -3.60234e-10 6.70467e-09
19.64 -1.94205e-09 -3.53101e-10 6.57191e-09
19.65 -1.9036e-09 -3.46109e-10 6.44178e-09
19.66 -1.86591e-09 -3.39255e-10 6.31422e-09
19.67 -1.82896e-09 -3.32538e-10 6.18919e-09
19.68 -1.79274e-09 -3.25953e-10 6.06664e-09
19.69 -1.75724e-09 -3.19499e-10 5.94651e-09
19.7 -1.72245e-09 -3.13172e-10 5.82876e-09
19.71 -1.68834e-09 -3.06971e-10 5.71334e-09
19.72 -1.65491e-09 -3.00893e-10 5.60021e-09
19.73 -1.62214e-09 -2.94935e-10 5.48932e-09
19.74 -1.59002e-09 -2.89094e-10 5.38063e-09
19.75 -1.55853e-09 -2.8337e-10 5.27408e-09
19.76 -1.52767e-09 -2.77759e-10 5.16965e-09
19.77 -1.49742e-09 -2.72259e-10 5.06728e-09
19.78 -1.46777e-09 -2.66868e-10 4.96694e-09
19.79 -1.43871e-09 -2.61583e-10 4.86859e-09
19.8 -1.41022e-09 -2.56404e-10 4.77219e-09
19.81 -1.3823e-09 -2.51327e-10 4.67769e-09
19.82 -1.35493e-09 -2.4635e-10 4.58507e-09
19.83 -1.3281e-09 -2.41472e-10 4.49428e-09
19.84 -1.3018e-09 -2.36691e-10 4.40528e-09
19.85 -1.27602e-09 -2.32004e-10 4.31805e-09
19.86 -1.25075e-09 -2.2741e-10 4.23255e-09
19.87 -1.22599e-09 -2.22907e-10 4.14874e-09
19.88 -1.20171e-09 -2.18493e-10 4.06659e-09
19.89 -1.17792e-09 -2.14166e-10 3.98607e-09
19.9 -1.15459e-09 -2.09926e-10 3.90714e-09
19.91 -1.13173e-09 -2.05769e-10 3.82977e-09
19.92 -1.10932e-09 -2.01694e-10 3.75394e-09
19.93 -1.08735e-09 -1.97701e-10 3.6796e-09
19.94 -1.06582e-09 -1.93786e-10 3.60674e-09
19.95 -1.04472e-09 -1.89949e-10 3.53532e-09
19.96 -1.02403e-09 -1.86187e-10 3.46532e-09
19.97 -1.00375e-09 -1.82501e-10 3.3967e-09
19.98 -9.83878e-10 -1.78887e-10 3.32944e-09
19.99 -9.64396e-10 -1.75345e-10 3.26351e-09
